26142661200991726, 9, 3.3975215117809756e+16, 86566.333, 33136.444, 97982420040.444
11884853034860254, 2, 9398275416461078.0, 45500.0, 34948.5, 154176092583.0
0, 11, 1.0926908979883872e+17, 92513.364, 70012.182, 168241113516.091
0, 8, 3.34210296625e+17, 68901.0, 53078.5, 106170143045.0
14295943926370717, 11, 2.877946396091282e+16, 153276.182, 57301.0, 118968723148.091
42898571861503990, 12, 9.92877234493406e+16, 197181.5, 114550.0, 128603531269.167
101215201000000000, 2, 5.06076005e+16, 38000.0, 21000.0, 88300080018.0
52091854088711855, 2, 2.8125e+16, 135500.0, 25497.5, 127437863845.0
52090190553091403, 2, 2.8125e+16, 135500.0, 25503.5, 127437863845.0
14476923119325680, 2, 3.608506e+16, 113462.0, 78140.0, 140670890961.5
22946832189816195, 1, 2.2946832189816196e+16, 21000.0, 21000.0, 144100000000.0
861343870000000000, 10, 8.6134387e+16, 21000.0, 21000.0, 123000000000.0
40912392160891831, 10, 6.25e+16, 118800.3, 76961.4, 154515421871.3
10605307500000000, 39, 1.2005503599818365e+17, 121201.769, 87085.538, 99010530680.538
30898536620367609, 3, 5.0072561459877464e+16, 86418.667, 65849.0, 164165779341.667
91486470820824988, 97, 5.2164710276703e+16, 175121.67, 112779.742, 83310064882.67
319214280000000000, 5, 6.3842856e+16, 21000.0, 21000.0, 112000000000.0
16220224697617064, 21, 4.517536570941034e+16, 103875.905, 73992.714, 142101519668.429
1515568042213039616, 444, 2.3874433167386528e+17, 184605.538, 121586.408, 110608017789.502
154292300745571279, 15, 1.2369158719063184e+17, 114200.0, 21000.0, 58437348062.6
166824230051646859, 3, 2.5008598906918515e+17, 128522.333, 78771.333, 121517304293.667
43976387150562228, 12, 1.1775935310864147e+17, 132664.5, 78494.333, 121025008434.083
242358506124000, 3, 1.5142360492904842e+16, 40333.333, 21000.0, 151991232119.0
900830000000000, 9, 1.4020009222222222e+17, 21000.0, 21000.0, 134444444444.444
0, 13, 4.866981935233135e+16, 138684.154, 67901.538, 123360413183.0
40088691048762253, 18, 5.231255329183986e+16, 78828.333, 68146.333, 89680866346.889
16034364500000000, 17, 8.674503516358901e+16, 119510.882, 87817.765, 156207742126.471
10884714558015004, 4, 4.958025e+16, 165144.75, 63518.5, 119421400048.0
49891291890579549, 113, 3.240367008202437e+17, 354552.053, 95600.788, 48963007684.363
28550747639126061, 54, 3.865492442049445e+16, 64776.204, 42969.037, 131368385470.63
1790749720032000, 3, 3.8606182623834264e+16, 97333.333, 24756.667, 126152807350.333
37465988390426641, 14, 1.4300258513222683e+17, 140959.071, 92983.071, 103872655356.429
26601238882621240, 2, 1.648533e+16, 105000.0, 31276.5, 174856888470.5
15665889045023338, 49, 1.9523579768567792e+17, 138648.163, 96702.98, 80087073565.694
294334895111022047, 74, 1.6194892217150387e+17, 202014.865, 82091.703, 117204512353.122
2439084332265000, 3, 3.929417875177268e+16, 97333.333, 24745.0, 129676596888.333
3067227842994000, 3, 4.23276518255015e+16, 97333.333, 60625.667, 125706064972.0
156334392000000000, 20, 7.926436039498146e+16, 43175.0, 21000.0, 48304736648.15
40937592701740262, 12, 6.296406536691783e+16, 186097.75, 95867.583, 166925841006.667
6291626742686331, 18, 1.6603054102989576e+16, 54719.0, 37655.389, 133833155460.833
70717694042403616, 17, 5.6192838303723e+16, 125759.647, 80177.882, 112871371421.882
204913707348369132, 270, 2.9154838068096877e+17, 147045.211, 98828.996, 129545137767.83
335683267819713257, 90, 4.587195881111111e+17, 146634.933, 102111.878, 108316917766.444
45520210300051011, 25, 3.5357135237257916e+16, 133917.92, 80472.16, 88752428076.84
4604808442479000, 2, 6.394135e+16, 114064.0, 21000.0, 177861703750.5
183742266520235109, 124, 1.2119386898139122e+17, 186660.54, 123937.484, 61663888851.911
21091072693843222, 239, 6.097170468636425e+17, 141258.849, 94885.444, 85289780343.523
4483231087881000, 62, 4.641898844971273e+16, 21548.387, 21000.0, 76574145139.242
132097590000000000, 3, 7.317186333333333e+16, 30666.667, 21000.0, 89333333333.333
0, 26, 1.2896859433760684e+18, 61429.731, 24314.462, 45786572161.115
337169717893949834, 78, 2.955205942550506e+17, 50371.795, 21000.0, 85939729025.269
11098964600000000, 6, 1.4187531333333333e+17, 127339.667, 94731.5, 104637571110.333
3360673001070000, 2, 5.17881602e+16, 21000.0, 21000.0, 131383976165.0
84496172872069063, 44, 2.611242699347257e+17, 526636.364, 23643.795, 44798204545.477
11783554420898259, 18, 5.476692266033212e+16, 43782.222, 21532.611, 121883542300.333
14918270027330457, 39, 7.97062818721309e+16, 125109.846, 89137.282, 85966898671.051
124655028744173733, 17, 1.4881404126632973e+17, 144640.353, 91914.471, 134414512723.824
45354239236864196, 8, 9.035689000016974e+16, 217582.0, 108096.125, 160814449092.0
14116561615630290, 3, 5.955738846145657e+16, 261049.333, 123439.667, 126409680544.333
204001526000000000, 3, 6.8000508666666664e+16, 32333.333, 21000.0, 76797942319.333
0, 5, 4.931155208e+16, 78258.6, 56283.0, 148049830325.4
66817578449098500, 4, 3.3915949137725376e+16, 66736.5, 51863.75, 127286974343.25
116751253394697780, 1, 1.1675125339469778e+17, 21000.0, 21000.0, 136101677195.0
25964132745835910, 3, 2.3073160253782196e+16, 82343.333, 65973.0, 150296241307.333
33039197200019861, 7, 3.525196332210934e+16, 111707.286, 86041.571, 175883617635.571
50990208000000000, 10000, 1.52326403509969e+19, 93340.7, 24432.192, 89414828154.469
2155186620714870, 6, 1.6671627461804504e+16, 39956.333, 30504.333, 147745902182.667
22350896000000000, 3, 6.2264906666666664e+16, 78409.0, 62565.333, 157355138993.667
227229060000000000, 3, 7.574302e+16, 21000.0, 21000.0, 130795107465.0
164604944316427946, 54, 3.9021639996296294e+17, 122436.093, 101428.0, 104266595907.333
230023370000000000, 439, 1.4770598280951942e+17, 68694.761, 21000.0, 40189231629.943
37455340786233569, 19, 2.8284007315789475e+17, 150147.053, 104774.211, 149147055188.947
101294337282291699, 1, 1.012943372822917e+17, 21000.0, 21000.0, 141823951714.0
146088356117649772, 60, 1.813638161668184e+18, 89464.483, 48886.933, 116649540660.35
30004816000000000, 3, 1.2706666666666666e+16, 315000.0, 29369.667, 179666666666.667
15271693016431782, 16, 2.2742153089004963e+17, 98532.938, 57444.562, 149190300646.438
25907888595122690, 30, 2.7184082679050454e+17, 139814.467, 94013.167, 137218537862.8
17615134400000000, 19, 5.854289661578947e+16, 110018.895, 76228.737, 143042955104.947
15180228000000000, 16, 9.1531907275e+16, 92932.562, 61739.75, 141838545349.562
2482747252650000, 3, 4.0755140642837976e+16, 97333.333, 24002.333, 147212861424.0
2187862422816000, 3, 4.073067625826176e+16, 97333.333, 27769.667, 122226906342.0
3190181117193000, 3, 4.05497496286469e+16, 97333.333, 23976.667, 137983752463.0
46058248568832615, 16, 6.0281369635557016e+16, 103396.5, 67180.188, 147789366446.75
33704500760828532, 1, 3.3704500760828532e+16, 21000.0, 21000.0, 144100000000.0
2156527645629000, 10, 2.515324102753797e+16, 89700.0, 27816.3, 87989558840.3
139203660994622439, 140, 1.359108848691584e+17, 125019.214, 101428.693, 101155804449.571
486746929557000, 6, 2.5127407865710468e+16, 27524.0, 27524.0, 150400064046.167
11856228433329888, 8, 1.548983939920956e+16, 51196.5, 42057.375, 124496743550.0
12894571200000000, 10, 4.27277528e+17, 125447.2, 94220.8, 176727995825.8
138742319111455814, 13, 3.0258166133072237e+17, 177600.615, 97145.462, 92777722934.462
65026698882046496, 374, 9.443218493941333e+16, 159054.807, 121382.23, 100599541730.083
230119157955013793, 133, 6.715945054998253e+16, 22634.82, 21105.361, 93767994561.218
36558554143062661, 86, 1.417892259988401e+17, 178927.023, 124820.372, 99353567535.384
13696233400482774, 4, 8611880000000000.0, 64901.0, 50524.75, 121816358783.5
12509193300000000, 10, 2.1267831e+16, 84618.0, 56596.9, 139624505167.2
23091859000000000, 6, 5705000000000000.0, 262500.0, 31921.167, 83333333333.333
885270471880367061, 86, 1.256329597420593e+17, 160841.721, 90525.767, 115000196320.023
29369959313304057, 2, 8.506709134334797e+16, 135385.0, 111661.0, 162416495244.0
522895566438511893, 30, 1.1604649117133147e+17, 108597.233, 79314.767, 107957409853.067
14407092525125471, 18, 1.0002942920612059e+17, 137718.667, 80662.444, 86126131003.611
38892201968594989, 15, 1.4636502252904877e+17, 92427.533, 62556.6, 153287635874.267
0, 4, 2.42284675e+16, 119128.0, 29442.5, 175196850692.5
17863858867878232, 4, 6.404750649115025e+16, 162943.0, 162943.0, 145003612130.0
10492869869044000, 8, 4.177479757932966e+16, 139554.75, 93562.75, 156144080025.875
11737584189313177, 429, 1.0337487783354147e+17, 227256.487, 130399.459, 62172448050.145
265315947272474760, 8, 3.3164493409059344e+16, 250000.0, 21000.0, 129666443158.0
16519768106148764, 5, 3.088148274269678e+16, 94201.6, 44741.2, 170119038678.0
12028884582809637, 17, 1.1010241430567595e+17, 117087.941, 88425.235, 101144350835.059
26198804800000000, 1, 2.61988048e+16, 21000.0, 21000.0, 140800000000.0
29169146720772066, 27, 1.1211337594296181e+17, 175099.111, 103527.556, 147147568650.519
10000000000000000, 1, 1e+16, 21000.0, 21000.0, 132305446646.0
1393925600000000, 19, 2.935103128297424e+16, 71772.316, 56108.737, 126938961691.526
142952165343696890, 56, 1.0674496328571429e+17, 204498.768, 145476.321, 100762562975.554
28040913297222352, 279, 6.1676499978624824e+16, 154577.172, 111891.158, 88718995279.602
19600425000000000, 5, 1.715098e+16, 225625.6, 28965.0, 168945460127.8
217859609083106084, 29, 6.736177756609979e+16, 184083.241, 92774.828, 117658457147.0
34818586018719620, 72, 7.41006391439999e+16, 119462.486, 77121.528, 121664203586.778
74436064020993296, 702, 3.796886107037858e+17, 125104.85, 85499.348, 106063426553.61
123697640000000000, 1, 1.2369764e+17, 21000.0, 21000.0, 138600000000.0
173881043813075, 4, 9389409739046732.0, 21000.0, 21000.0, 135274524520.25
35990000000000000, 1, 3.599e+16, 21000.0, 21000.0, 140800000000.0
14055885836664351, 29, 9.357607705018096e+16, 99554.621, 63810.69, 126988828197.793
98756694343907293, 8, 1.4949731028020288e+17, 132868.125, 100568.875, 122287500000.0
74667980000000000, 6, 1.185243785e+17, 51500.5, 41583.833, 124638203054.0
84192550972301560, 2, 1.739805259663382e+17, 119946.5, 94621.5, 162898158261.5
64767219396252104, 2, 3.2383609698126052e+16, 21000.0, 21000.0, 181404939889.0
0, 2, 2.138572e+16, 21000.0, 21000.0, 146663351485.5
0, 5, 4.9003118935393304e+16, 70107.0, 59158.0, 98801555707.8
272271363827631988, 153, 1.7257410703411037e+17, 145618.784, 98534.503, 80669605904.327
121246597857615077, 13, 7.862501171246275e+16, 102532.0, 79966.615, 128633515102.077
6146641571503390, 264, 1.9680110090937884e+18, 252288.883, 183038.856, 104607465285.28
30052488512689233, 246, 5.894682861056888e+17, 39537.902, 29701.963, 164957519090.15
1466694702889872773, 8, 1.9446650875e+17, 65825.5, 50966.25, 174748727957.25
43432684000000000, 12, 1.9730694166666668e+16, 88605.167, 68897.0, 99417620773.333
1171081020123000, 14, 1.6219255605240746e+17, 102161.571, 58200.571, 122864128515.929
43333550000000000, 4, 1.433553e+16, 113983.5, 29430.5, 167181137772.75
1800662017413000, 6, 5.02553322975952e+16, 35500.0, 21000.0, 75629892435.5
18144529816884453, 28, 6.6666753898402856e+16, 97831.571, 68632.179, 128463085698.571
10045583846340008, 5, 7.7738984e+16, 93228.8, 76362.4, 148610872031.0
20545820700000000, 16, 3.1757762137349036e+16, 110760.5, 55664.062, 108764934239.062
5068495197995685, 7, 3.3537117142857144e+16, 65825.143, 63985.0, 134016856956.714
63808071378650727, 5, 6.4679306e+16, 143458.6, 98663.8, 131392514274.2
12321328244635250, 22, 4.856738825482942e+16, 119801.0, 93773.864, 90309803103.545
94480257150285461, 4, 3.1329997212637734e+17, 55500.0, 21000.0, 204469964701.0
21656391000000000, 4, 5.683319617495875e+16, 67727.75, 29518.5, 117200114790.25
0, 36, 1.6636497873746522e+18, 57351.111, 27293.833, 172679357391.083
43628677276828200, 5, 4.5630656e+16, 67800.0, 50835.0, 170228678111.6
19140412208678140, 10, 2.0549000746785693e+17, 95991.1, 67681.0, 162513419180.2
6161204713253714, 12, 2.768187173136658e+16, 64981.0, 49510.5, 127384649691.5
139150431156382502, 808, 6.182736380236142e+17, 169106.698, 126026.486, 80254574730.636
1356091967446561, 19, 6.118830315789474e+16, 105363.0, 43420.684, 149540213762.474
1443314756331000, 97, 2.7731249114521136e+16, 132418.742, 73847.814, 84403208072.031
16921563383733090, 4, 9.237120510406672e+16, 139364.0, 100793.0, 225150000000.0
35409959071975642, 8, 5.0814441811176294e+17, 33443.0, 30381.0, 178645586118.5
129091183541591380, 27, 6.558396666779014e+16, 119427.259, 57662.444, 116693168508.63
167765961006493454, 28, 6.265711928571429e+16, 122676.143, 69594.929, 78284319734.571
0, 11, 1.162221809090909e+16, 223935.909, 48021.364, 170108463153.364
74207845077642195, 3, 2.574606285756103e+16, 33980.333, 27769.667, 133120195412.0
22737922000000000, 99, 1.0184023137452638e+17, 101764.152, 84102.374, 79943507155.848
22076385700000000, 24, 6.0057422083333336e+16, 121555.917, 88713.333, 160596175028.667
102813554852904427, 30, 1.6868021139225693e+17, 197310.967, 117622.667, 127321604310.6
23155840000000000, 1, 2.315584e+16, 21000.0, 21000.0, 138094895267.0
35686361881125105, 469, 2.162251689904243e+17, 1489292.015, 198968.957, 12012597830.71
11592475184024876, 13, 9.979300176077576e+16, 181200.538, 100138.077, 145225526561.0
16345290000000000, 3, 1.590609e+16, 21000.0, 21000.0, 146073919617.667
10515087938998432, 2, 9.4947455e+16, 107113.5, 83348.0, 127182849943.0
116093371600000000, 9, 4.9564966666666664e+16, 52735.889, 42187.333, 318382548555.889
0, 82, 4.3449892785421416e+16, 40304.878, 27571.366, 84772124321.866
0, 61, 3.2218975421776424e+16, 158405.967, 89445.016, 94482201503.213
0, 2, 1.9238573535067e+16, 21000.0, 21000.0, 157251862942.5
69012347552132000, 22, 9.008510527272728e+16, 41090.909, 21000.0, 29702281801.091
107276153000000000, 2, 5.36380765e+16, 38000.0, 21000.0, 67960738521.5
3879183000000000, 14, 4.601019854461014e+17, 52754.143, 48727.071, 53481051269.714
98761181026752530, 12, 6.338888490251506e+17, 91609.333, 70055.5, 155290157900.75
52155468000000000, 2, 3.04e+16, 51585.5, 39704.5, 169500000000.0
0, 3, 3.5998993333333332e+16, 21000.0, 21000.0, 133035220939.0
0, 3, 1.2088228750111846e+16, 21000.0, 21000.0, 111314082988.0
8663176407571833, 8, 7.468093458547058e+16, 93254.25, 67579.0, 148284732329.625
16238849975356640, 2, 1.981215415e+17, 107113.5, 78140.0, 139669751791.5
361948051584000, 35, 1.1297061003976907e+17, 110325.029, 81895.171, 91084018466.086
49457239737343172, 19, 1.946334657894737e+17, 129072.526, 101643.316, 114537896784.684
71520999370673112, 17, 2.0448131764705884e+16, 65343.176, 52869.706, 144953485507.765
70530000000000000, 45, 1.7408101820624986e+18, 58895.822, 21349.267, 28488328261.911
11582693000000000, 2, 8455000000000000.0, 262500.0, 27909.5, 157000000000.0
2304022225113000, 3, 4.047010002706716e+16, 97333.333, 23998.333, 131956959595.0
2304022225113000, 3, 4.047010002706716e+16, 97333.333, 23998.333, 131956959595.0
602740052849262509, 33, 7.590687361713942e+17, 115426.091, 84537.879, 134234095806.212
10691975398080570, 4, 2.1708375870828144e+17, 128943.5, 92377.0, 92985198543.25
55428723000000000, 21, 5.4628625857142856e+16, 30238.095, 21000.0, 69449223929.0
18431992000000000, 9, 1.0360256201804013e+17, 124324.222, 93758.222, 70896170208.222
10932306383647637, 5, 1.46351134e+17, 111206.2, 92722.0, 132193023499.6
46312363532136304, 13, 4.334774749355391e+16, 116921.154, 91577.308, 104385081507.769
2185911324093000, 3, 3.96005382124858e+16, 97333.333, 28575.0, 143201277138.0
49297340924359536, 1, 4.929734092435954e+16, 21000.0, 21000.0, 132080830551.0
13534071360176550, 2, 1.9924722e+17, 211507.5, 92377.0, 158392841212.5
27137754168051000, 1, 2.7137754168051e+16, 21000.0, 21000.0, 154000000000.0
86175230696552988, 7, 6.176080932906386e+16, 50074.714, 40573.714, 130529235032.143
157290254477739025, 13, 4.544168418453242e+16, 101926.615, 77567.385, 99179436772.0
228397173857057719, 569, 5.891507850132412e+17, 233953.738, 163167.025, 75902194892.028
0, 56, 5.641840059437553e+16, 107683.161, 62983.411, 70282027050.5
0, 112, 4.960272500733887e+16, 24080.357, 21000.0, 81047776536.911
19435128558218388, 3, 8.427257333333333e+16, 86885.333, 71484.667, 158879217579.0
0, 52, 9.52641091199166e+16, 43500.0, 21000.0, 25899169496.558
33423245437724736, 44, 8.717200931667227e+16, 125975.25, 100898.136, 120268931069.932
113505816313193503, 1, 1.135058163131935e+17, 21000.0, 21000.0, 142925266705.0
4009142235630000, 20, 7.808109190981029e+16, 86550.0, 21000.0, 63697337084.05
0, 12, 1.6671656194611043e+17, 145496.667, 98007.417, 131952059826.833
3538736385607309, 194, 1.1630393390929221e+17, 129861.428, 92060.299, 104452449352.593
10227153000000000, 11, 1.642051824156708e+17, 153096.909, 79714.182, 160363172512.273
0, 6, 2.3283471333333332e+16, 119116.0, 29432.5, 182104650879.333
120599568400000000, 6, 7.230332e+16, 111399.333, 62596.167, 127955607645.667
157855313809168360, 3, 5.261843793638946e+16, 21000.0, 21000.0, 144018048072.0
10961843958360428, 18, 9.97418170124536e+16, 140661.889, 78787.722, 119095000850.0
0, 39, 1.583439784008719e+17, 97526.846, 57134.487, 111876426284.744
0, 3, 1.033713e+16, 63333.333, 27765.667, 130000000000.0
5321158105501866, 19, 2.8933997770783356e+16, 94896.895, 42850.158, 170902244025.895
24792456821368575, 64, 8.881530175449179e+17, 169206.344, 138312.797, 63826468904.375
208358940000000000, 9, 1.4348761837777778e+17, 65856.667, 50046.778, 164347333518.556
155707649000000000, 26, 2.3584297272347853e+18, 56740.154, 22071.346, 76217216713.0
234194344965000, 63, 3.5080874438557594e+17, 130498.841, 100358.698, 91408465043.857
185002097000000000, 4, 5.3674485975e+17, 26250.0, 21000.0, 79250000000.0
30628225838221615, 33, 9.465403090909091e+16, 106500.879, 35472.879, 146469792680.97
7681102056219273, 2, 1.0573319935276108e+16, 97778.0, 70481.5, 113089419889.0
288000000000000000, 2, 1.44e+17, 135500.0, 21000.0, 142324556102.0
17003767097845056, 15, 4.296008226146482e+16, 35866.4, 30344.067, 107831449174.467
204384247000000000, 40, 9.6119078525e+16, 35650.0, 21000.0, 43879484552.95
1210470000000000, 2, 1.165e+16, 48147.5, 48147.5, 149830695144.5
0, 30, 3.2891261851592284e+16, 123773.533, 60269.6, 96812171829.033
16734391386480000, 1, 1.673439138648e+16, 21000.0, 21000.0, 133886390289.0
16093146865547789, 26, 6.785053096328108e+16, 140063.346, 102871.654, 124493776185.577
215072440863000, 351, 1.7338348616780016e+17, 230238.889, 145732.772, 134601926952.168
1380340953249244368, 858, 1.5745236258185267e+17, 160977.269, 111814.593, 53456641337.289
91234200979364109, 13, 6.833846153846154e+17, 142171.538, 95474.308, 76112315466.385
198681627000000000, 20, 9.060193985e+16, 32250.0, 21000.0, 54466444546.45
5505584300142830, 17, 2.9530140814687464e+16, 213355.294, 77874.765, 137704525983.0
21480754400019996, 1, 2.1480754400019996e+16, 21000.0, 21000.0, 149600000000.0
441386008896582353, 32, 1.1410089265963232e+18, 115388.594, 85237.312, 135659036888.125
62353148200000000, 11, 7.059976454545454e+16, 190002.727, 103554.273, 134657713428.545
87549097627971050, 39, 2.0203771977576266e+17, 152758.231, 99657.718, 86993094088.462
264099125697014048, 18, 1.2859673666686554e+17, 183403.5, 139965.333, 157287806586.389
4412118490941000, 3, 4.2243380303811e+16, 97333.333, 24006.333, 146952270686.667
3519853454082000, 16, 2.8634926261341684e+16, 92562.5, 27345.812, 90342559896.312
159727283621106063, 4, 7.211735973636738e+16, 107170.5, 79236.5, 176674814368.5
0, 3, 3.1259133333333332e+16, 44000.0, 21000.0, 144333333333.333
38410550887679651, 1, 3.841055088767965e+16, 50000.0, 21000.0, 180302190380.0
46898629835359576, 5, 2.3320334567339645e+17, 23800.0, 21000.0, 89314000000.0
155640983638576625, 187, 5.176920222770309e+17, 132102.16, 91039.481, 130855410816.433
210979874932402026, 74, 7.768547971654386e+16, 121211.662, 87664.338, 125592343172.784
2763563657904000, 23, 3.1727825434765816e+16, 90695.652, 27916.304, 103641748786.565
4412118490941000, 3, 4.2243380303811e+16, 97333.333, 24006.333, 141829651830.333
13934039948527806, 4, 2.94316775e+17, 211507.5, 92377.0, 203422530215.25
889761683664000, 310, 7.393351158156341e+16, 204539.894, 131762.39, 118474135737.884
4508342241102000, 2, 8.172666e+16, 21000.0, 21000.0, 150255514369.0
16950669240000000, 26, 9.046725154378367e+17, 45500.0, 30512.038, 78222487865.577
30171633300000000, 10, 3.2377041258445504e+16, 130521.9, 96168.4, 98568003173.3
285663355192771552, 197, 1.6128340421782083e+17, 155922.294, 115611.416, 85548026244.335
26470241541918805, 5, 3.720992e+17, 355993.0, 123069.0, 145125625228.4
19111581489498000, 1, 1.9111581489498e+16, 21000.0, 21000.0, 179520405262.0
61033905494748289, 14, 5.096251e+16, 156389.071, 102147.0, 177298786165.429
221891180000000000, 1, 2.2189118e+17, 21000.0, 21000.0, 127124379927.0
575349314376900414, 20, 2.1889724032179297e+18, 129166.5, 114617.25, 153832620648.9
10538509346208446, 4, 9.072225e+16, 213697.25, 128065.5, 133025875175.25
10224372849499845, 7, 1.8725192450071452e+16, 25857.143, 21000.0, 104318757822.571
33497240284712219, 652, 1.3363277267347728e+17, 147982.448, 104127.617, 86272159528.936
16056281691594547, 17, 5.551463883137353e+16, 90545.412, 70357.706, 127307785355.235
2481280415481000, 119, 1.4808816922119533e+17, 152610.908, 113020.739, 134682539174.79
1862288708196000, 36, 5.227988361356645e+16, 29805.556, 21000.0, 48307302388.75
36686640000000000, 1, 3.668664e+16, 21000.0, 21000.0, 157710000000.0
2500394620006606, 18, 1.2023992138643883e+17, 113421.0, 84801.0, 122076786179.944
12006203653839310, 9, 6.1824718071165144e+16, 79984.556, 55070.889, 120554881562.778
556556443113652634, 102, 2.6786981669719267e+17, 55078.431, 21000.0, 73389146281.569
61621935958552499, 783, 5.403154625243319e+17, 184306.806, 74524.355, 48508731669.586
19712181410911713, 34, 8.843366852941176e+16, 104239.441, 77858.059, 155160970514.5
0, 3, 1.033661e+16, 63333.333, 27769.667, 130000000000.0
64472008600000000, 13, 9.159727076923077e+16, 104455.846, 58644.846, 135584668880.615
72863805427068578, 49, 2.2359561204081632e+17, 191376.184, 110264.469, 92743403735.551
30769716518619482, 14, 2.360890097338864e+16, 120795.429, 37344.0, 93488462172.429
0, 3, 1.033661e+16, 63333.333, 27769.667, 130000000000.0
15733852050000000, 1, 1.573385205e+16, 21000.0, 21000.0, 144000000000.0
21412873293586066, 2, 1.35e+16, 90000.0, 31614.5, 136973783872.5
37900000000000000, 1, 3.79e+16, 21000.0, 21000.0, 141582121099.0
102000000000000000, 2, 5.1e+16, 21000.0, 21000.0, 154709550469.5
172847343627000, 10, 1.2441997426261966e+17, 76196.9, 61738.8, 148227642334.1
60293549073533394, 52, 1.552107372034256e+17, 308616.442, 158298.385, 101110603218.827
30802895000000000, 3, 1.2216666666666666e+16, 315000.0, 25812.333, 171333333333.333
0, 2, 1.4246482915816e+16, 21000.0, 21000.0, 280235037926.0
8930298845857916, 85, 1.5401578468744496e+16, 95926.447, 61147.482, 67979289425.271
98721857696971862, 627, 1.835580847426695e+17, 36404.53, 21000.0, 33307973944.662
22939090000000000, 1, 2.293909e+16, 21000.0, 21000.0, 147378656393.0
10417223400000000, 2, 2.14541235e+17, 98775.5, 74291.0, 144087650584.5
0, 150, 4.454000102541134e+17, 23685.333, 21067.393, 86525386613.193
421196339886000, 2, 9381939189001680.0, 35500.0, 21000.0, 151550760081.5
19256619607529658, 9, 1.1518095796313566e+17, 49981.667, 43654.111, 99760493585.333
42140424130763866, 13, 2.8277786754566858e+17, 132185.154, 70573.769, 134557763305.385
50000000000000000, 1, 5e+16, 21000.0, 21000.0, 166700368420.0
34099501070343306, 38, 9.033467824693743e+17, 66851.132, 21662.921, 78989548339.842
4890885719202000, 3, 3.5851956698425256e+16, 97333.333, 24006.333, 149124837716.333
2113284259632000, 10, 2.7148179870772904e+16, 89700.0, 26204.1, 107436334386.4
2599790995725000, 3, 3.6096474174864216e+16, 97333.333, 27769.667, 147824753962.0
7918174035458949, 26, 3.7130936101745656e+16, 137887.923, 56979.423, 132266926758.154
9555771514392123, 91, 1.4183392830864878e+17, 145906.088, 97685.297, 104687835208.308
5437216472738815, 36, 3.294515091666667e+17, 131685.361, 76580.472, 97548067889.056
97755893804632616, 1, 9.77558938046326e+16, 21000.0, 21000.0, 146389714664.0
19185582575864632, 31, 1.2098081467349174e+17, 126761.323, 67400.839, 114903043329.129
17527809166819885, 4, 8.8450525740995e+16, 114647.5, 98178.75, 165440373407.0
141926508510135420, 11, 1.2902409864557766e+16, 250000.0, 21000.0, 99298073586.455
88647289878000, 7, 6.221756861054454e+16, 82465.143, 21000.0, 139706257060.429
56934994396209578, 2, 1.738e+17, 158417.0, 121800.5, 207847776684.0
4907288807688141, 36, 7.017759652478644e+16, 112615.722, 82873.833, 122106870163.194
24815123458741445, 66, 7.228613459446992e+16, 137271.0, 87789.667, 99533859474.091
18333856925120294, 6, 4890835975938204.0, 30997.833, 25916.333, 161677700546.5
907739850717000, 3, 2.800304e+16, 21000.0, 21000.0, 127258148055.667
8000000000, 6, 7147431666666667.0, 84500.0, 26069.667, 87666666666.667
2635963906548000, 3, 4.270836802910034e+16, 97333.333, 23905.667, 151103459880.0
11459680000000000, 1, 1.145968e+16, 21000.0, 21000.0, 120190349329.0
44179934798755846, 76, 1.335141660116891e+17, 144573.816, 85292.697, 78724949637.579
29058599226551783, 115, 5.94986371751129e+17, 113256.417, 78987.974, 122047084036.478
4408945117261216, 105, 9603548369853584.0, 168962.467, 79832.381, 75764993366.714
0, 3, 1.033661e+16, 63333.333, 27769.667, 130000000000.0
19012014896003880, 3, 3.43815e+16, 69377.333, 48088.333, 143430255069.333
147742800000000000, 5, 9.67197404e+17, 62400.0, 21000.0, 81057723902.0
54538829000000000, 22, 8.327427053778306e+16, 66727.273, 21000.0, 23215399287.0
16140161811834117, 10, 8700000000000000.0, 80680.2, 64197.5, 146805406114.1
11428007779701824, 2, 2.7446e+16, 113462.0, 83348.0, 133932984503.0
108232684000000001, 5, 1.473099844e+18, 60994.4, 23768.8, 95000000000.0
27041076319904000, 1, 2.7041076319904e+16, 21000.0, 21000.0, 142323508576.0
510692880833571, 5, 3.733021342383329e+16, 21000.0, 21000.0, 130037839587.8
1343821348411908, 21, 1.0575982141178734e+17, 102882.381, 73431.238, 94042947299.905
26768422090265520, 4, 4.4443565e+16, 67231.0, 49570.0, 144054193331.75
0, 3, 1.7083313333333334e+16, 21000.0, 21000.0, 150756545537.333
8855634300000000, 10, 2.47269969e+17, 119679.8, 88143.9, 161720524840.5
144849601496692154, 158, 3.430116353672037e+16, 130799.392, 97617.329, 48864618245.171
5255903466196200, 44, 4.7210430572377555e+17, 74238.5, 54958.864, 64800055968.159
3184102822530000, 3, 4.561682080608676e+16, 97333.333, 28575.0, 151753537714.667
22802587124031328, 7, 2.4684871444471856e+16, 70170.857, 53637.571, 111537036793.714
3395281877526000, 3, 4.61564032417436e+16, 97333.333, 23998.333, 155401489222.667
30278643867000000, 6, 3.8473773888833336e+16, 74932.167, 56241.333, 117924983378.0
439147425299925353, 12, 1.033249425e+17, 159118.333, 87234.75, 124530233517.5
2581797174558000, 3, 4.652113399186316e+16, 97333.333, 28575.0, 136611985421.667
16693637987933064, 17, 2.5476760965415704e+16, 104815.118, 65145.765, 116098829453.059
8279396600000000, 2, 9.920078e+16, 160780.0, 121815.5, 124635838130.0
75748425354000, 152, 5.445030879525549e+16, 179420.5, 125346.191, 95530224925.934
28528968938984181, 295, 1.552301185389264e+17, 136542.224, 86392.566, 114351001713.634
7015944460163689, 38, 1.3479549334241294e+16, 99730.0, 63306.105, 89048818530.447
52852857218776081, 2, 2.642642860938804e+16, 21000.0, 21000.0, 115729920285.0
533592438445712013, 272, 1.3212569152393506e+17, 226900.338, 142411.559, 117158252584.066
204667474632484744, 4, 1.58675e+16, 155179.0, 72754.75, 121957248834.75
15948740609963497, 4, 8800000000000000.0, 101895.5, 35497.25, 170649566686.25
0, 30, 4.513765494173345e+16, 60884.833, 43259.1, 143996579769.733
32311400558225884, 33, 2.5322011219474394e+17, 137400.727, 76318.818, 198546264251.545
0, 26, 3.9572974681836e+16, 101960.269, 78562.385, 103198243145.192
46742081449181866, 2, 2.8736822327895e+16, 97317.5, 45378.5, 159288522965.5
49138974168595320, 39, 6.999203534498137e+16, 91268.59, 62383.821, 130132867187.256
46592824809438750, 4, 5.564955384247044e+16, 69749.25, 45433.75, 127364712638.75
76546917000000000, 1583, 2.500438744515477e+18, 88682.301, 31970.592, 136962672192.061
528000000000000, 2, 9.027086747860091e+16, 21000.0, 21000.0, 145000000000.0
0, 9, 2.6245710222222224e+16, 119911.889, 30359.667, 155224495302.444
122343401611562005, 710, 9.368801100412315e+16, 181359.217, 118765.208, 68637836113.992
201342197827073920, 1812, 4.121495622966708e+17, 44014.716, 21000.0, 48216964047.611
65432342272201592, 52, 7.862614155654798e+16, 173956.731, 92339.577, 63939209458.327
13917517800000000, 2, 1.147052e+16, 49439.0, 36459.5, 166469002136.0
93000000000000000, 7, 9.737819014285715e+16, 25571.429, 21164.857, 135661520797.429
618160818728991193, 87, 1.6618569210437898e+17, 144731.241, 101255.943, 123117488395.586
31241199790647611, 13, 5.297962399825609e+16, 53689.769, 47691.231, 98589518773.769
40216517516378026, 6, 2.9756851666666668e+16, 60076.833, 44186.5, 205525443445.833
22054778364332000, 1, 2.2054778364332e+16, 21000.0, 21000.0, 161831183807.0
20982481605280995, 5, 3.87684e+16, 96741.2, 78588.6, 144225879650.4
30990016000000000, 2, 2.0867006e+17, 128112.5, 95366.0, 132090332899.5
770100012627507, 148, 1.9981128018533414e+17, 194657.264, 120560.669, 95678787213.642
229010636545957178, 1, 2.290106365459572e+17, 21000.0, 21000.0, 188090980146.0
63967000000000000, 1, 6.3967e+16, 207128.0, 21000.0, 195000000000.0
11457641100850157, 1, 1.1457641100850156e+16, 21000.0, 21000.0, 177100000000.0
16544094070919783, 7, 8199422789868602.0, 57658.0, 47307.143, 145136482525.143
13370035034894073, 128, 2.887336689412337e+16, 120227.242, 81025.781, 57809743007.797
14822387492162592, 22, 6.9508840138888664e+16, 118592.955, 77857.955, 125936999544.955
6084606997333941, 5, 3.7499064e+16, 205662.4, 74171.4, 177954975837.8
13819890975227214, 28, 3.066802187449908e+16, 104565.929, 85325.5, 137174794338.857
1190094049999990, 14, 7.453741752678936e+16, 89162.5, 52616.5, 143957331157.857
21568844390567641, 1, 2.156884439056764e+16, 50000.0, 21000.0, 210380538949.0
3965757512808000, 2, 9.61689763305553e+16, 21000.0, 21000.0, 176084353169.5
41439077183091225, 8, 1.320349278777127e+16, 106612.875, 76564.25, 123395672253.125
19066939895937328, 11, 4.148977637183006e+16, 58432.0, 43433.091, 197222744167.636
3982383618591000, 3, 4.4108395129565384e+16, 97333.333, 28579.0, 181927315671.667
1726614761844000, 3, 4.629251517752784e+16, 97333.333, 24002.333, 146733170540.667
4770217570860000, 3, 4.293757159839483e+16, 97333.333, 27765.667, 183422014842.0
8690689400000000, 13, 2.4322778307692308e+16, 111274.846, 81676.0, 123868583576.923
152101431480715449, 7, 5.571428571428571e+16, 101102.429, 91039.857, 136744105784.429
61300680431200894, 48, 1.2756678770833333e+17, 74691.604, 35618.5, 80136437387.917
3323526362320999, 13, 6.08305026923077e+16, 213285.385, 127822.538, 124798463692.923
465873028568891961, 2641, 1.4633555511011642e+16, 59014.967, 21000.0, 90587143581.69
41846900000000000, 147, 3.5333741496598637e+17, 34952.381, 21000.0, 151867032841.98
14666291294804525, 2, 1e+16, 52500.0, 32362.5, 138033364253.5
157142805703879262, 6, 2.6190467617313212e+16, 21000.0, 21000.0, 107857238634.0
101425150409413583, 24, 3.5212614457011544e+16, 148165.833, 90206.125, 50552668065.375
171459619931350426, 21, 1.4941233011575408e+17, 137306.286, 103614.762, 98581622048.619
16092137384225376, 137, 5.998992518858546e+17, 206349.949, 132972.387, 125090246070.679
12000000000000000, 1, 1.2e+16, 21000.0, 21000.0, 246000000000.0
30677560000000000, 3, 1.4e+16, 54000.0, 30409.333, 361333333333.333
17256451679661420, 3, 1.83827825567e+16, 110333.333, 77999.333, 177897895710.0
0, 25, 2.0246094811622544e+17, 112990.72, 75118.36, 157470202593.68
0, 6, 3.6544240266666664e+16, 103093.333, 31151.167, 110954912346.333
48839124483516818, 32, 4.392807281992539e+16, 128948.0, 94413.031, 93916798640.438
15274325157936406, 110, 4.5127618599431674e+17, 169129.545, 72387.036, 139657639427.418
1000000000, 15, 7214145333333333.0, 114133.333, 25724.4, 70266666666.667
3087886319511000, 2, 9.422944935722634e+16, 21000.0, 21000.0, 149910519408.0
27407641200000000, 4, 1.2097557e+17, 114907.0, 84533.0, 168462627377.25
10317839946352065, 6, 2.6139710949075824e+16, 81340.833, 44105.167, 165413967337.5
18632299092844882, 27, 3.922276131547819e+17, 136526.519, 116841.519, 147745219317.0
73212269398101908, 25, 2.23556e+17, 214403.24, 130271.32, 154318498460.4
2610484856946707016, 74, 1.4620550627919014e+17, 194107.203, 127491.703, 116710433304.243
46486576346789000, 1, 4.6486576346789e+16, 50000.0, 21000.0, 144863244507.0
1300078109925000, 2, 4.76188453772615e+16, 114064.0, 21000.0, 168934074656.0
39800000000000000, 1, 3.98e+16, 21000.0, 21000.0, 167564007797.0
5317281580552830, 37, 1.3578146217984357e+17, 106448.973, 54417.459, 190134829110.622
33297665969361001, 8, 1.12482987625e+18, 24459.5, 23859.5, 139534709092.875
15066300000000000, 1, 1.50663e+16, 21000.0, 21000.0, 139700000000.0
250000000000000, 2, 4.82806276777545e+16, 21000.0, 21000.0, 142142773746.0
31867085812436954, 19, 1.3648192052631579e+17, 142352.474, 110419.263, 65310122716.105
30643225000000000, 72, 4.702814465404339e+16, 98071.764, 74066.111, 118205797583.194
9079276000000000, 2, 7648700000000000.0, 70953.5, 34053.5, 156500000000.0
219535648483673469, 46, 2.3195453958695654e+18, 187745.587, 138941.761, 101799306640.13
3379606836228000, 3, 4.244683971445964e+16, 97333.333, 24006.333, 144882333939.333
4444657944825000, 3, 4.123794585977591e+16, 97333.333, 27769.667, 159643427453.667
1310490146973000, 5, 2.6279983684548172e+16, 104474.2, 80650.2, 116716109464.0
3338652627051000, 3, 4.143597736737803e+16, 97333.333, 28579.0, 165295002930.333
0, 3, 3.36898e+16, 21000.0, 21000.0, 148298278515.333
58276296846217334, 4, 1.23296175e+17, 220669.75, 116080.5, 113244322271.25
25198495420746150, 1, 2.519849542074615e+16, 21000.0, 21000.0, 141875301169.0
31810463306408049, 43, 5.3670884550115016e+16, 91598.302, 67236.605, 109411807633.512
2411676513645000, 2, 5.9948e+16, 21000.0, 21000.0, 146291781212.0
46097384346638770, 537, 3.222123377589714e+17, 141481.676, 101766.557, 97906176563.525
1587376699083000, 8, 5.718927873818394e+17, 144375.0, 21000.0, 144932777069.0
141241869969560523, 7, 6.170182105463867e+16, 80821.714, 53031.286, 127754921604.0
0, 79, 2.851110656103499e+17, 127205.81, 94536.544, 128877727576.443
113182770555762247, 24, 1.0409323173450224e+17, 97430.708, 79479.042, 149794680381.25
2439084332265000, 3, 4.56548619343817e+16, 97333.333, 60621.667, 143740498342.667
28605386908916606, 13, 1.8557062105000788e+16, 21000.0, 21000.0, 108330066207.077
56556000000000000, 3, 2.57186988e+18, 74000.0, 21000.0, 178666666666.667
22800000000000000, 1, 2.28e+16, 207128.0, 21000.0, 177000000000.0
43114824181536000, 6, 3.4005364518180028e+16, 84601.333, 56243.333, 152451153972.667
3386364461550000, 2, 6.900005830147e+16, 21000.0, 21000.0, 164776124690.0
57773088611640900, 1, 5.77730886116409e+16, 21000.0, 21000.0, 147153993071.0
1011527487369000, 105, 1.0495577114270278e+17, 21000.0, 21000.0, 80849743309.571
1329505633113000, 20, 1.6021691179424332e+16, 114461.0, 64572.3, 78575622726.35
18585763831355965, 4, 2.426971e+16, 95690.75, 77665.75, 208741650114.25
36009945783880630, 18, 4.303507277777778e+16, 144201.278, 109085.0, 105308830584.556
9360792678966063, 203, 5.079286492960055e+16, 130511.305, 82656.507, 113796117661.823
65598912014854382, 313, 9.82865822718916e+16, 216557.818, 148208.958, 85161062412.62
334562634651205213, 159, 1.2237264555332882e+17, 113701.384, 69660.465, 109667667852.497
22177113134836561, 402, 8.325848224941702e+16, 141777.602, 94571.092, 90742467078.415
71631440000000000, 1, 7.163144e+16, 21000.0, 21000.0, 138292580914.0
356790887044089883, 92, 1.5261484097105914e+17, 98154.435, 68992.902, 154981765320.424
17700121500000000, 4, 3.94041351e+16, 112220.75, 105139.25, 163350000000.0
0, 7, 5.598859142837857e+16, 34936.857, 28998.857, 150967744232.286
13769602056948929, 7, 8.872151388137082e+16, 241256.0, 73299.143, 183847987800.143
70986531589053777, 2694, 2.925776043303136e+17, 202581.602, 128993.087, 103379516588.252
22009247800000000, 5, 5.03279552e+17, 98696.2, 78389.2, 161960554329.0
0, 17, 6888252352941176.0, 119705.882, 30176.412, 69764705882.353
39075678327040480, 2, 1.6174675e+17, 107113.5, 78140.0, 171853659522.0
1575831414003000, 3, 4.0537394766633976e+16, 97333.333, 23980.667, 140805062003.333
0, 4, 4.2104522057814e+16, 103250.0, 21000.0, 104720402625.5
13469736643621000, 3, 1.7265998881207e+16, 21000.0, 21000.0, 171962330721.667
62997681685313980, 1, 6.299768168531398e+16, 21000.0, 21000.0, 151605219168.0
10662077660691814, 6, 4.7829656666666664e+16, 159622.5, 76469.667, 160314728838.167
41231540000000000, 1, 4.123154e+16, 21000.0, 21000.0, 145972903210.0
0, 7, 3.5613558023325036e+16, 92790.286, 71708.571, 60494291903.571
1256806556713878092, 24, 8.666381227369475e+16, 125874.5, 104855.75, 104801980970.75
46000000000000000, 1, 4.6e+16, 21000.0, 21000.0, 141616368578.0
2243101179648000, 3, 4.040649917896323e+16, 97333.333, 23998.333, 126927329702.667
23534647456632427, 10, 1.594785200000391e+16, 102501.0, 74471.4, 103225151291.5
16239795294338480, 2, 9.671622e+16, 113462.0, 78140.0, 148486815933.0
1930135613070000, 110, 4.10698221797233e+17, 151051.436, 99144.555, 129454511335.027
11944066400000000, 13, 3.742975192307692e+17, 102541.615, 76229.385, 178086512838.923
37475190000000000, 1, 3.747519e+16, 207128.0, 21000.0, 188000000000.0
13851145750000000, 3, 5906666666666667.0, 43811.333, 29698.333, 115383333333.333
6881284430175222, 9, 2.2325724311111112e+18, 122900.333, 23256.556, 155688922822.111
0, 7, 8.726273291096662e+16, 21000.0, 21000.0, 156374317876.0
43729328800000000, 6, 4.086355e+16, 78409.0, 60829.333, 112622852796.667
604743542238595, 13, 1.4925670027084192e+16, 133668.692, 30223.0, 165449084163.769
666064592634000, 27, 6.776654971862442e+16, 130643.037, 84583.63, 136175153392.037
44466764802714845, 2, 3.1222e+16, 135500.0, 80432.5, 129536616457.5
31750053960500760, 6, 9000000000000000.0, 90000.0, 34997.333, 132261217068.0
19932765965365000, 1, 1.9932765965365e+16, 21000.0, 21000.0, 129040467768.0
0, 13, 7.943437674267378e+16, 34076.923, 21000.0, 50536926692.0
49335643809086000, 72, 4.870885429084887e+16, 29027.778, 21000.0, 44756722273.486
40163272297281008, 50, 9.334863834321046e+16, 188934.02, 128072.24, 116328469052.02
139817350900000000, 45, 1.1653278899555555e+17, 104950.778, 72485.867, 125402355536.289
41665740000000000, 3, 1.388858e+16, 21000.0, 21000.0, 103126193032.667
33367886024212790, 6, 5.65055e+16, 108510.0, 82871.667, 136977816500.667
15404645940132546, 68, 6.590024314457686e+16, 101497.412, 75911.75, 73710936582.926
38630148519743945, 39, 1.320343758376845e+17, 131490.359, 74980.923, 83748290852.949
16283000000000000, 1, 1.6283e+16, 90000.0, 21000.0, 127760258022.0
477769949643000, 11, 1.2120883990144426e+16, 62876.182, 48139.273, 157919580998.273
505231107654000, 2, 2.3504104008027536e+16, 35500.0, 21000.0, 137491136697.5
2210942845073340, 56, 1.99837124842375e+16, 123057.696, 67025.804, 57530642501.464
0, 2, 2.9911949257404104e+16, 21000.0, 21000.0, 162391529267.0
8309590000000000, 13, 6.389967366153846e+16, 75510.769, 55828.538, 108811668258.231
13159420000000000, 3, 2.3233333333333332e+16, 208652.667, 67617.333, 195000000000.0
22914150000000000, 1, 2.291415e+16, 21000.0, 21000.0, 111239933498.0
9822080905982519, 11, 4.745572803161793e+16, 208373.909, 122488.455, 96888983491.636
3125954784939000, 22, 4.869064366801459e+16, 24090.909, 21000.0, 82464575570.136
17350563487130589, 9, 4.3448854661435144e+16, 59908.889, 38500.444, 121232069328.0
728754019650849632, 25, 1.5075921685912006e+17, 136546.36, 100478.28, 142998787982.8
5534089521664283, 8, 2.2549875e+16, 170671.375, 88769.125, 129963438422.875
99814235117442619, 41, 9.464210487804878e+17, 56485.098, 45453.756, 100574792494.732
19541748089706655, 62, 3.269214514546608e+18, 134389.161, 35219.468, 175823767281.226
13891191933285281, 19, 3.4128298832192236e+16, 125638.684, 74166.211, 122811583782.684
0, 891, 3.5294438710112275e+17, 211135.158, 135305.288, 121267631649.883
439801523695762134, 71, 2.6259340987784797e+17, 188881.014, 143121.958, 103905030802.676
833650270971000, 86, 1.3281360369587176e+17, 128344.895, 87308.035, 119649606545.616
175839182190000, 5, 3.705191024647632e+17, 120286.2, 59976.6, 147469897470.8
110140878000000000, 2, 5.5070439e+16, 38000.0, 21000.0, 100460905702.0
332358820064932735, 7, 4.747983143784754e+16, 217285.714, 21000.0, 102365713306.714
91984736264493649, 42, 3.183843809523809e+17, 436710.0, 332341.929, 123751498077.929
152387072640759643, 1, 1.5238707264075965e+17, 21000.0, 21000.0, 134500000000.0
59560878208942176, 95, 1.3886804058746867e+17, 115023.779, 85702.211, 170793197535.158
45551579057022855, 2, 2.5e+16, 125000.0, 31170.5, 107941634607.5
25177997293350462, 12, 2.2195463445837e+17, 135440.833, 80969.667, 153586251520.667
38386705938078460, 3, 1.4116709290371131e+17, 128678.667, 89843.333, 141243679129.667
0, 138, 1.587556542436042e+17, 66797.101, 21000.0, 41398015834.551
33630910849662778, 30, 1.8419378529639213e+17, 93589.3, 71465.167, 142223345637.167
48499989061503797, 385, 5.250552197878238e+16, 52109.091, 21000.0, 71802896431.805
28133489995420840, 13, 2.8317051877192592e+17, 87837.385, 62627.462, 99395307598.308
24713993320496504, 11, 2.425722434990026e+17, 155492.0, 116817.545, 146413840466.727
2988287500275000, 3, 3.879123581210785e+16, 97333.333, 24006.333, 122981893214.333
262401800000000000, 22, 5.3438413636363635e+17, 33090.909, 21000.0, 104072727272.727
11281586286855234, 17, 1.1457704392142867e+17, 173595.471, 62177.824, 132596942548.941
0, 5, 2.902800910589374e+17, 38600.0, 22764.2, 126076224305.6
19223488995449461, 19, 1.3472336043481334e+16, 116247.789, 87634.842, 153584227648.474
41375528175314000, 7, 5.231929659647343e+16, 96428.571, 45161.857, 195307825318.857
79360000000000000, 1, 7.936e+16, 21000.0, 21000.0, 110502515211.0
2988287500275000, 3, 3.879211773157583e+16, 97333.333, 23998.333, 118464347978.0
2988287500275000, 3, 3.879255869130982e+16, 97333.333, 23994.333, 118464347978.0
65000000000000000, 1, 6.5e+16, 21000.0, 21000.0, 121000000000.0
18160119291437281, 96, 1.01737958125e+17, 181708.104, 132314.146, 113216373208.521
150825476504539791, 582, 2.971006950519104e+17, 180820.924, 130229.581, 77796413234.887
124657090368718239, 35, 1.851293925848564e+17, 194116.857, 108424.4, 162926783782.514
24665591174739771, 11, 5979600291043740.0, 243346.091, 88945.545, 37197766423.545
13345220600000000, 12, 1.2622313833333333e+17, 92258.0, 66828.5, 150224911755.25
226471928357047372, 19, 9.497794736842106e+16, 104508.368, 63745.053, 391877748533.684
48193574800000000, 31, 5.835104337096774e+16, 97401.452, 68226.452, 107012199155.516
1292781336523527235, 133, 1.754559170324137e+17, 122643.398, 96615.323, 109883737910.842
49968601775571576, 27, 9.754121555956349e+16, 161086.963, 108559.852, 111516559140.407
14683174472867487, 7, 6840651132649143.0, 43648.0, 32277.286, 169414381586.429
13636196581640000, 1, 1.363619658164e+16, 21000.0, 21000.0, 160039559222.0
31376213124929823, 4, 8.973766521876755e+16, 115804.0, 88107.5, 157422768163.75
27561742018724962, 204, 2.353230667037188e+17, 129625.0, 94637.48, 94353267611.299
0, 46, 2.351357217133619e+17, 122404.043, 70097.63, 166377815307.37
18342570000000000, 1, 1.834257e+16, 21000.0, 21000.0, 147066021752.0
13300814838511170, 7, 1.1215863723989941e+17, 150950.571, 105207.143, 103054014949.714
8117108930378168, 7, 2.7917638571428572e+16, 83587.0, 46751.143, 109590025996.143
22493866488615422, 8, 6.189000174221236e+16, 124426.25, 93459.125, 137786807410.625
164219295751790377, 3, 5.473976525059679e+16, 21000.0, 21000.0, 146772844595.667
21733173600273359, 6, 2.9746071115378892e+16, 154542.833, 73500.167, 150357362779.167
16187031106236351, 25, 1.4428477022408792e+16, 122276.4, 92975.88, 63002412056.04
8167472041808552, 8, 1.566035309884992e+17, 103572.625, 86437.125, 121957935421.875
39683026631309161, 6386, 5.250441734808454e+16, 177296.533, 130892.501, 71501180331.135
62360059205595187, 11, 3.2627581363636365e+17, 112781.182, 91352.727, 118220146024.818
0, 746, 2.680757502922477e+17, 39620.643, 21000.0, 60334612503.672
17358043648101682, 4, 9.05119275e+16, 95240.5, 62731.5, 152072002614.25
100000000000000000, 2, 5e+16, 21000.0, 21000.0, 151270292875.5
15000000000000000, 1, 1.5e+16, 21000.0, 21000.0, 131451166015.0
41636448909914000, 1, 4.1636448909914e+16, 21000.0, 21000.0, 144144820274.0
231418620000000000, 1, 2.3141862e+17, 21000.0, 21000.0, 173416004840.0
31689501756986995, 15, 8.313490882828789e+16, 260649.067, 86666.333, 65306136409.667
83685219910041225, 3, 3.529875501812577e+16, 206726.667, 24484.333, 188120392225.0
13681086552214584, 3, 8.488151636247867e+16, 82354.0, 68253.333, 184266614514.667
166584770803458435, 18, 1.3348950163886554e+17, 21015.111, 21000.0, 46150291632.111
81130775237527396, 29, 3.3952368531692356e+16, 167563.414, 91072.276, 66668253953.448
200000000000000, 11, 2.2560248545454544e+16, 47338.818, 24846.091, 162278080545.455
0, 53, 9.311507786111995e+16, 61409.868, 48216.566, 132372799140.906
69082504893759210, 3, 2.302750163125307e+16, 21000.0, 21000.0, 105328755437.333
10490500000000000, 1, 1.04905e+16, 21000.0, 21000.0, 114723163235.0
0, 2, 1.180524e+17, 21000.0, 21000.0, 152511581617.5
4643433312558613, 6, 7.5315735e+16, 101928.5, 81051.5, 126747903153.667
7166188237902683, 28, 1.072839302590379e+17, 118152.179, 87137.25, 104755654685.357
0, 106, 5.965592500976138e+16, 98124.415, 65110.462, 122527109246.113
2593980136755000, 3, 4.33034862586188e+16, 97333.333, 27769.667, 136641510334.0
26316671153395856, 11, 7.052358251204014e+16, 133774.818, 85002.0, 156885454727.364
2690981062917000, 3, 4.297059535835065e+16, 97333.333, 28575.0, 145205596225.0
5552632979019000, 3, 4.206004597055067e+16, 97333.333, 24006.333, 174449216604.333
5552632979019000, 3, 4.20611972046593e+16, 97333.333, 23998.333, 174449216604.333
10750192000000000, 5, 8.63543242e+16, 100319.6, 73183.6, 97867445546.2
24768815000000000, 1, 2.4768815e+16, 21000.0, 21000.0, 137000000000.0
38401180000000000, 4, 9600295000000000.0, 21000.0, 21000.0, 144778253158.75
26332301389408596, 6, 8150000000000000.0, 70000.0, 34942.0, 142133293480.667
131777507327694975, 228, 5.4649422105157544e+16, 204350.474, 118835.882, 34245953493.794
0, 2, 2.12032721637755e+16, 21000.0, 21000.0, 174664361831.0
15252895949548141, 13, 2.0908263630769232e+17, 76934.0, 54456.692, 142468778668.769
0, 6, 8395185000000000.0, 84500.0, 28569.667, 96666666666.667
18444682617992363, 8, 5.052513495220193e+16, 87173.0, 62184.0, 129474697357.0
14166939230722818, 7, 8.515827533023854e+16, 184292.143, 82180.286, 115936670373.429
3409639550120875, 6, 3.1005380013291e+16, 26856.667, 23134.667, 131229577947.5
71378074502297616, 13, 4.401100584615384e+17, 181674.615, 65621.692, 173980432509.077
0, 98, 3.141480099965482e+18, 78734.694, 31839.939, 85518147232.276
0, 14, 9.880901171428571e+16, 71150.143, 53456.857, 126880842454.5
138571634560787172, 1, 1.3857163456078717e+17, 21000.0, 21000.0, 153004623812.0
120386794312623737, 91, 9.797948682023142e+16, 75622.352, 51624.165, 118935611988.593
17802924561819700, 20, 3.49439009573688e+16, 108316.4, 66468.7, 71517686255.05
518859326349000, 2, 4.38142342846805e+16, 21000.0, 21000.0, 153976219151.0
9619456603835980, 6, 2.585055072948237e+16, 80197.833, 60624.5, 127568007390.0
16768490330712640, 3, 5.8e+16, 82641.333, 59093.333, 126244944852.0
217043481931897356, 37, 3.112614983783784e+17, 178959.757, 138508.432, 105113542495.324
333468835487847795, 10000, 8972779101297362.0, 294608.458, 189831.478, 2307325742.335
90478178895435538, 8, 2.9420136791836717e+17, 41576.25, 20413.125, 90361236477.75
10520631064790725, 10, 2.925814042647907e+16, 91665.3, 47199.5, 86429555952.4
34540458273029392, 7, 3.916365571428571e+16, 205719.857, 47072.143, 215243704503.571
98515311708960629, 18, 1.2849383650225083e+17, 156964.722, 110279.667, 120142623661.667
14585580000000000, 1, 1.458558e+16, 21000.0, 21000.0, 120447520393.0
299713847454673965, 137, 1.1799026201517238e+17, 192269.737, 133128.766, 104349677468.248
23153971892521424, 12, 2.0588114716666666e+17, 110887.333, 80490.0, 163039138525.5
111535603413974967, 139, 8.900838584245494e+16, 123664.633, 73979.288, 73029101485.338
71136324610000000, 5, 2.8670576e+16, 39362.6, 26441.8, 259574719719.8
17213410189022748, 1, 1.7213410189022748e+16, 21000.0, 21000.0, 180044167778.0
9702813989232171, 10, 5.033379060792005e+16, 205108.9, 54984.5, 129404502220.5
11400831101790702, 5, 2.88171348906e+16, 147102.6, 54007.2, 110101285087.4
16173818011867473, 171, 2.818538981807101e+16, 137972.421, 91270.942, 48026177460.871
13047538348870922, 6, 1.3550168818944294e+17, 150683.167, 82515.833, 141870982252.5
47235043607448812, 2, 2.361752180372441e+16, 21000.0, 21000.0, 119592001104.5
51985334549219032, 173, 2.1410743055683347e+17, 128522.555, 87843.624, 104011675517.272
33438111428764000, 1, 3.3438111428764e+16, 21000.0, 21000.0, 130304204852.0
0, 16, 8.001381036078574e+16, 58864.188, 46807.688, 191985203569.125
88163240000000000, 5, 1.8894892e+17, 58225.6, 21000.0, 150700000000.0
16209271000000000, 10000, 5713201000000000.0, 187447.5, 35915.871, 186841600000.0
0, 3, 1.033661e+16, 63333.333, 27769.667, 130000000000.0
2708633318286000, 3, 4.48246008830911e+16, 97333.333, 24002.333, 147089471772.0
37878892650467919, 229, 1.1069177467206267e+17, 255338.384, 173539.991, 139119193858.166
22833852008152870, 2, 1.1416926004076436e+16, 21000.0, 21000.0, 172150000000.0
2708633318286000, 3, 4.482408737659586e+16, 97333.333, 24006.333, 150134281869.667
3395044473975000, 3, 4.357796334898336e+16, 97333.333, 27769.667, 175572200033.333
573139951859318770, 163, 2.3775832875680298e+17, 141492.712, 90947.166, 117744570385.19
7882367826351159, 5, 3.5534238733848556e+16, 116916.6, 36478.8, 169820996934.2
21333056500000000, 3, 1.3917761e+17, 108954.0, 87621.667, 179358577819.667
21587350000000000, 1, 2.158735e+16, 21000.0, 21000.0, 143909200891.0
18268308466102824, 6, 1.2848611225564954e+17, 119004.833, 84080.0, 141968556925.0
3492660815532000, 3, 4.357508326685712e+16, 97333.333, 28579.0, 166013179864.0
8570282343367265, 12, 2.101585821162859e+16, 90657.917, 81704.583, 125216595871.417
13682518648761558, 31, 4.983864304092415e+16, 254452.613, 80464.0, 166354479967.323
41157656169988016, 41, 9.787859452689152e+16, 102152.22, 65133.488, 107793830034.585
105225750974584966, 12, 7.033814826992238e+16, 191160.083, 120431.167, 100404385933.917
15338174557802652, 15, 1.1140414079444459e+17, 107758.467, 71694.4, 132700332618.6
14291383283029365, 19, 1.6089935109036688e+17, 126435.421, 78975.737, 184343748749.632
15797995500000000, 11, 1.1653289289090909e+17, 128154.636, 96101.545, 142984995246.818
0, 6, 4.8717161683333336e+16, 74963.667, 55530.5, 83715988916.833
20939472795693630, 6, 4.1820663333333336e+16, 65508.333, 50569.0, 139819259995.5
522619175022000, 4, 2.9026298133555284e+16, 84398.25, 70307.25, 172000016345.0
80598071717132318, 4, 5692493429283080.0, 48702.5, 24651.25, 112816212820.25
304098535161486973, 71, 8.99081704824443e+16, 203408.451, 21000.0, 55916474817.732
20000000000000000, 1, 2e+16, 21000.0, 21000.0, 138346731890.0
35964753557618660, 2, 1.798237677880933e+16, 21000.0, 21000.0, 121500000000.0
17427200000000000, 1, 1.74272e+16, 21000.0, 21000.0, 121000000000.0
13690885600000000, 4, 2.97e+17, 154196.5, 115221.0, 182780622570.5
19021344940647446, 133, 1.3372930124410296e+17, 138942.128, 101168.91, 133473598813.218
1208380846978698, 4, 6.281313865522942e+16, 21000.0, 21000.0, 153579449689.75
37951771416230000, 1, 3.795177141623e+16, 21000.0, 21000.0, 119439456370.0
60521515750017571, 15, 2.2975785238399782e+17, 169370.933, 73681.667, 105332416587.4
12146131701012000, 1, 1.2146131701012e+16, 21000.0, 21000.0, 155100000000.0
2831287961938622528, 202, 2.218323866417702e+17, 108589.718, 67136.936, 65892708306.525
0, 20, 1.953292253482245e+16, 104540.3, 79689.65, 149532609938.35
1089790000000000000, 5, 3.69853e+17, 101640.0, 21000.0, 111584164257.8
168433307414331310, 6, 1.588791161550003e+17, 50500.0, 21000.0, 135814752211.833
1472001561123482268, 156, 4.641859512664553e+16, 204713.41, 109347.744, 95883250096.91
150512020000000000, 2, 7.525601e+16, 21000.0, 21000.0, 164620550206.0
23336062113685600, 11, 3.9595647841068664e+16, 60265.0, 45404.364, 156791224216.182
45418862600000000, 77, 2.3074961049873996e+16, 115459.688, 70054.727, 63948242074.286
13270593700000000, 1, 1.32705937e+16, 21000.0, 21000.0, 177100000000.0
2226943871460000, 2, 6.446167085530403e+16, 21000.0, 21000.0, 164877526870.0
68916090000000000, 1, 6.891609e+16, 21000.0, 21000.0, 142311051222.0
11857596533849941, 13, 2.1756462115384616e+16, 60351.615, 51441.846, 62660467689.923
3167764602603858, 28, 1.023103803145379e+17, 130028.893, 87556.357, 180469165328.357
5942000000000000, 43, 3.20045808436915e+17, 109531.14, 85723.581, 157586693836.209
19122288209413895, 8, 5.048689122807847e+16, 131359.75, 55200.125, 100592143456.625
18474991984872744, 52, 1.513846195787385e+17, 168556.096, 79577.077, 62123643500.731
153229825700000000, 26, 5.037618565615384e+17, 142249.154, 102281.423, 125482468449.154
41435253405001, 9, 2.6273238953931964e+16, 99514.0, 54331.111, 147072932179.667
2424810204096000, 4, 3.5547951040794876e+16, 135500.0, 25497.5, 135871941202.25
72065776678979844, 1, 7.206577667897984e+16, 21000.0, 21000.0, 131406881485.0
568106748087419, 43, 1.97354721308085e+16, 199755.14, 104780.535, 110028734182.558
105047642230618291, 1, 1.0504764223061829e+17, 21000.0, 21000.0, 130597588768.0
22892220000000000, 2, 1.144611e+16, 21000.0, 21000.0, 130803974099.0
14958568600000000, 2, 1.25e+16, 60557.0, 49511.0, 146787699655.0
2124714028815000, 3, 4.8796921500115736e+16, 97333.333, 23998.333, 144845089412.667
13671725805586761, 34, 3.129529438659356e+17, 127013.735, 89268.559, 106610284240.176
0, 13, 3.2171950725224364e+16, 74364.385, 48046.846, 153281589398.231
40039331600000000, 7, 3.752857142857143e+16, 141797.429, 100805.143, 107128571428.571
31494983987771184, 43, 1.4591770512398333e+17, 145570.535, 73707.419, 96981575671.326
16052384206499334, 22, 1.1055427112011294e+17, 100902.727, 69624.636, 147250905408.182
45099254092155000, 3, 3.0274053333333332e+16, 29000.0, 29000.0, 149251233938.333
12404241200952341, 4, 5.124598209604614e+16, 78910.5, 67820.25, 155853409727.25
2152779629616000, 2, 9.2448e+16, 21000.0, 21000.0, 139393342152.0
71661849335848040, 3, 2.3887283111949348e+16, 250000.0, 21000.0, 91303858018.667
41535877423596000, 1, 4.1535877423596e+16, 21000.0, 21000.0, 199238217924.0
69694463761552649, 40, 4.432462358368702e+16, 146477.875, 79268.675, 72603544539.675
101710184238403123, 56, 1.1347658423012323e+17, 162456.679, 93627.268, 161492586096.321
1297834893096000, 2, 1.849196e+16, 21000.0, 21000.0, 163067535157.0
0, 2, 7.525692690582243e+16, 21000.0, 21000.0, 164691531822.0
131891781060868577, 149, 1.62591103056109e+18, 116456.121, 66363.148, 135619160157.57
9326692953895996, 8, 8.35844996779495e+16, 122827.375, 90879.625, 119048021729.5
98052999346878809, 4, 4.8271554836719704e+16, 21000.0, 21000.0, 79455320930.0
10231606262063666, 25, 1.0158130797086558e+17, 164097.2, 95042.84, 109311889808.72
0, 3, 5.0556293333333336e+16, 82252.333, 65849.0, 172345742126.333
19269168600000000, 10, 5.899700119e+16, 67405.7, 53196.9, 151161097152.2
49331484000000000, 10, 6040000000000000.0, 77800.0, 26121.1, 80755191978.6
17503896494916610, 14, 1.5417845787652445e+17, 131637.286, 91258.714, 160112527336.429
71545020006636056, 12, 1.8591666666666666e+17, 156012.5, 110983.0, 92028076151.167
22878362121375697, 55, 5.104482012344718e+16, 139949.655, 91884.364, 52879828124.255
68892670000000000, 1, 6.889267e+16, 21000.0, 21000.0, 163235116749.0
35953333262983101, 326, 2.92743151738103e+17, 65961.393, 39970.994, 19936832381.847
0, 54, 2.1398449838332147e+17, 70685.333, 48647.778, 189563613310.907
1433721454066677, 53, 3.77680752894949e+16, 152949.321, 111193.66, 88972272005.453
48474034761530498, 4, 6.4663385e+16, 33350.5, 33350.5, 151593482029.5
100000000000000000, 1, 1e+17, 21000.0, 21000.0, 212309346604.0
27467626400000000, 4, 8.9244815e+16, 105076.25, 79073.0, 178737081368.0
39443920000000000, 1, 3.944392e+16, 21000.0, 21000.0, 150481761119.0
0, 2, 1.811226e+16, 21000.0, 21000.0, 135715302368.5
11618492274906976, 2, 3.409486e+16, 107113.5, 83348.0, 124701609903.0
47393187643564956, 5, 2.4784634e+16, 275332.8, 81490.2, 109224442623.2
27061183989975580, 26, 9.85123e+16, 162339.038, 86746.731, 94122913651.154
22616773958369065, 7, 1.160520472023299e+16, 86893.286, 58774.571, 101085649717.714
1533385028759000, 5, 7.2956314e+16, 169902.4, 21000.0, 156935094964.2
51622255425206340, 21, 6.9404599077390776e+16, 101876.524, 77393.667, 128857168330.19
2403991846872000, 3, 4.718741941513136e+16, 97333.333, 24006.333, 137864915916.0
2394335674857000, 3, 4.647566379936992e+16, 97333.333, 28575.0, 141684855154.333
3983714311206000, 18, 8.51172463591045e+16, 21000.0, 21000.0, 112486535674.444
5549848691590814, 243, 6.510272503580913e+16, 127088.35, 89056.37, 66354603954.984
25447320241256848, 4, 1.4067105490778326e+16, 95868.0, 49128.5, 151182900134.5
1988425306371000, 3, 4.745224790670921e+16, 97333.333, 23914.0, 137133910775.0
11224386561483646, 2, 4.032437938320517e+16, 130851.0, 85718.0, 127619856686.5
30056487920974790, 14, 7.683160542170325e+16, 58404.214, 45200.643, 104282637872.286
35383200689384576, 37, 2.1530504181913002e+17, 163946.0, 37617.243, 24936538372.595
10614974000000000, 2, 8443715000000000.0, 43741.5, 33560.5, 155531748001.0
0, 7, 2.34668557e+16, 97873.857, 75280.143, 153682951312.286
0, 3, 1.0010714066666667e+17, 32015.0, 22379.333, 176687832000.667
1460890586799354, 9, 2.1820286691473576e+16, 74328.444, 57567.889, 124444088331.222
4264669516937081718, 62, 1.1134751975462962e+17, 129445.21, 124048.113, 139180933645.097
17764973622580502, 280, 4.031586632340745e+17, 178733.489, 105367.35, 88988641453.868
21168167284192390, 11, 9.142585782017645e+16, 108758.091, 103178.727, 75946596955.273
69590777734363068, 1826, 7.725586768327085e+17, 162360.37, 101151.74, 75840211196.16
0, 3, 1.0681895825959808e+16, 107647.0, 33469.667, 195280586399.0
45075971270642000, 1, 4.5075971270642e+16, 21000.0, 21000.0, 188214701398.0
35898218175338579, 63, 2.318085096733443e+16, 206596.905, 105780.984, 48944734659.159
147410035752189220, 15, 1.6513152666666666e+16, 92107.933, 58148.067, 114163825468.267
10595012796261277, 11, 8.772212166834526e+16, 114554.455, 65181.636, 231143820844.818
22991132707580824, 6, 2.8229375666666666e+17, 108371.667, 68452.833, 162295987010.333
115038470402449345, 389, 1.9601662652815424e+17, 176629.306, 122208.401, 137776280341.039
127638560015892004, 27, 6.653993871164338e+16, 73136.444, 40760.185, 139444745314.074
54312421115475968, 7, 1.884745810795704e+17, 95171.429, 37795.857, 172178084821.0
1321833726385710, 15, 9.751199043157429e+16, 62000.933, 29636.933, 187256292781.0
15421847835434690, 170, 1.579539498243146e+17, 174233.012, 124878.382, 89080489940.606
37713227700106699, 168, 7.988709619514082e+16, 156557.792, 116106.536, 103899153353.208
30835943278437489, 3, 1.2950505225337563e+17, 107577.0, 82005.333, 170039319203.0
3266075651181680, 37, 1.4182961928875406e+17, 133579.324, 95953.514, 186707687339.568
22183028226679026, 3, 1.6670589915886188e+16, 85171.333, 68462.667, 87437516572.0
10271290000000000, 1, 1.027129e+16, 207128.0, 21000.0, 220000000000.0
16464651800000000, 1, 1.64646518e+16, 21000.0, 21000.0, 180400000000.0
24292636981498700, 6, 2.7445e+17, 114032.833, 80344.0, 179888042734.833
21545054409459149, 71, 2.2960350985915492e+16, 151225.324, 117669.676, 72955893792.93
21686608547807606, 4354, 3.3437073068501325e+17, 32365.763, 23792.389, 125830499339.965
71699150000000000, 2, 3.5849575e+16, 21000.0, 21000.0, 169022341645.5
11737140344176128, 7, 1.5164085099186944e+17, 135442.143, 66566.0, 130166928726.571
0, 2, 4.046725149456424e+16, 21000.0, 21000.0, 172590329738.0
4029675891486000, 3, 3.771623293467158e+16, 97333.333, 28575.0, 151207442752.0
3202641550416000, 3, 3.891326537546348e+16, 97333.333, 23998.333, 142668305308.667
12620440000000000, 1, 1.262044e+16, 21000.0, 21000.0, 161377838332.0
240824106870275095, 12, 3.612733237755872e+17, 24500.0, 21000.0, 189157956380.083
23579215872095500, 14, 6.298786319413934e+16, 161711.0, 129992.929, 150079838211.714
11887542629210740, 24, 5.056737441354553e+17, 138277.0, 74177.875, 120885179116.208
540205562496733215, 10, 8.274046418196856e+16, 113074.8, 81632.4, 127738404394.0
32227771821068000, 1, 3.2227771821068e+16, 21000.0, 21000.0, 160506359643.0
84412541449015185, 160, 1.0027558007596069e+17, 141493.7, 71154.525, 124046132481.231
25497143000000000, 10, 5376000000000000.0, 235500.0, 34169.0, 121100000000.0
795059758563000, 3, 2.119637647471712e+16, 40746.0, 29526.667, 156682585885.0
34419530000000000, 1, 3.441953e+16, 21000.0, 21000.0, 158890000000.0
30000000000000000, 1, 3e+16, 90000.0, 21000.0, 153869085782.0
158478509884117643, 51, 3.37596071743588e+16, 168102.784, 103443.51, 49317992638.118
16614323537927382, 9, 1.5960133881126026e+17, 116710.111, 95211.333, 178007773649.0
45000000000000000, 1, 4.5e+16, 207128.0, 21000.0, 220000000000.0
59737972732128653, 562, 3.517197294420142e+17, 207926.89, 152632.488, 92276545278.779
12308741096455288, 28, 3.75310495098545e+16, 74370.821, 46431.179, 91178172872.214
21163005169719288, 4, 1.969198062107007e+16, 97470.25, 63222.5, 125312603407.75
102553148277714201, 2022, 8.421796221249774e+17, 192990.81, 115641.976, 152635565248.063
2032491137522419, 9, 1.0640476221065896e+17, 160907.111, 76842.778, 175499450835.778
136951590580540155, 27, 1.3347881773682926e+17, 94931.407, 53393.333, 184865395926.852
32631530606525048, 1, 3.263153060652505e+16, 21000.0, 21000.0, 127110257928.0
15600106972820340, 27, 1.9720069961016832e+17, 145443.444, 58872.444, 116000609613.333
6160660975684754523, 19, 3.1158607210526317e+17, 275804.632, 203172.053, 160681954445.842
11143954035520000, 7, 4258990325365605.0, 55799.857, 26133.714, 144214286172.571
41291559190718346, 10, 8568485700350000.0, 68200.0, 42799.6, 109795637423.9
29546947140861705, 513, 3.807472434999401e+17, 251548.696, 186876.478, 109888608909.899
7184917361276836, 14, 5.965747051512748e+16, 98022.143, 63876.071, 148432581086.0
791241420793990123, 151, 1.815349390192281e+17, 91557.629, 59781.437, 115468442395.901
214737650000000000, 10, 2.1154199501001654e+17, 23100.0, 21000.0, 167883604717.1
15889903745092912, 61, 4.194727014051702e+16, 200296.41, 141743.836, 58616808631.164
119093770000000000, 2, 5.9546885e+16, 21000.0, 21000.0, 150105012641.5
