1512157520000000000, 176, 3.0157127751129965e+17, 97784.091, 21000.0, 38539498784.46
834712117749628416029, 10000, 2.7827876612750607e+18, 26600.2, 21823.146, 47199700000.0
811016143123628696005, 10000, 4517734006000000.0, 249793.9, 70310.325, 53034100000.0
10540404227134579470520, 10000, 6.229764313385256e+18, 28736.8, 22074.317, 47505080000.0
793392807747948753075, 10000, 3.3882023792613934e+18, 73482.8, 30866.746, 50291900000.0
1194911359147776000, 3, 9.468664966666666e+17, 145085.333, 21000.0, 86123981781.333
634267487161196657, 1397, 2.999697999908473e+17, 211572.392, 135307.566, 128244976864.175
1796300066665473521, 105, 1.0638278964720947e+18, 142783.752, 102205.667, 132607101246.029
3236329250000000000, 231, 4.335686003687063e+17, 53716.883, 21000.0, 35175798600.823
845456372108119061, 10000, 8.468734538210112e+16, 47166.7, 21003.622, 269862246136.699
5279094817175941681, 495, 7.879582170744713e+17, 73092.386, 21303.4, 19019322557.588
3841693110000000000, 277, 2.704118167532078e+17, 98277.978, 21000.0, 29203194500.852
3006651464999699406, 1261, 1.999589651979355e+18, 119198.866, 22208.941, 23529383630.18
2431397500000000000, 109, 3.80039945476934e+17, 100431.193, 21000.0, 62421050250.294
3307568990000000000, 221, 6.508087247064859e+17, 93592.76, 21000.0, 34307876051.602
944346198001814484, 277, 2.567570303176961e+17, 71227.437, 21000.0, 37198477968.487
3392957140000000000, 174, 4.297668322719036e+17, 95965.517, 21000.0, 31510624301.839
1256355756010974300, 23, 1.3599384246389363e+18, 27869.565, 21000.0, 180491304347.826
59847604448468022500, 410, 1.244279074445166e+18, 98027.307, 35937.041, 121656295293.785
9960000000000000000, 695, 1.3259758473381294e+17, 368794.898, 301077.147, 158545683085.153
30708159451857413, 10000, 1.71292039200149e+17, 142812.913, 36312.75, 100022332558.251
840142511386017048, 448, 9.249284533665195e+16, 211293.667, 131088.317, 126685352344.96
8198685206666595288, 2001, 2.4935132805134618e+17, 169630.667, 119329.049, 66558930702.165
975615088653622857, 623, 2.427654463842869e+18, 205050.626, 155542.456, 115013875626.236
912404724063952181, 40, 1.1689861545268854e+17, 156718.175, 99128.825, 70373641552.625
210808090000000000, 11, 4.663837427272727e+17, 115545.455, 21000.0, 171727272727.273
1813906868000000000, 26, 8.654623567274967e+17, 104498.769, 22562.692, 138199972739.423
289412270000000000, 134, 1.9788432607312108e+18, 100417.91, 21000.0, 78273381262.47
4413642450000000000, 1319, 1.0115159520821326e+18, 80300.379, 21021.762, 20407058953.23
1353305247208207874, 17, 4.015118263063652e+17, 128882.353, 21000.0, 148342668463.706
7338976656532081809, 115, 2.3948035789654287e+18, 85405.122, 59793.026, 111903991296.052
861176870983507622, 432, 4.297034871270004e+17, 146274.623, 97918.836, 150845433282.4
6574129283460849568, 430, 1.1573754378685135e+18, 21000.0, 21000.0, 114110058020.016
1372814298782429000, 13, 1.0560109990634069e+17, 56240.615, 21000.0, 60917069174.0
3330890381234082413, 1749, 5.942579923344573e+17, 173639.525, 111516.368, 145022438783.443
803019893494005537, 578, 1.8888030228856294e+17, 292627.96, 184152.042, 97666100724.294
2604975751938232641, 340, 2.331984508165491e+17, 262251.526, 164241.447, 91864438344.085
536234628804029115, 41, 8.326620326373788e+17, 235795.024, 124067.61, 147759518555.415
5153905318505629495, 336, 1.4605061057146294e+18, 209869.375, 139988.631, 123678180281.711
1710876526283961630, 187, 7.285034921883103e+17, 145676.84, 113801.658, 94169949990.46
532668501329162247, 1114, 1.0134828252557515e+17, 211755.079, 153499.214, 84977510291.001
4812392195231517482, 41, 1.6643969883776982e+17, 86314.146, 47694.805, 107772096870.61
4257473820782800020, 5778, 8.423146167907373e+17, 223708.568, 140559.869, 72425528098.005
706034975987673552, 204, 5.847929904763429e+17, 208105.319, 137829.853, 100019067891.471
1417961493035073573, 252, 2.0951198023109002e+18, 226259.702, 143526.726, 110223185338.472
2595546750000000000, 61, 3.453227380938852e+17, 102065.574, 21000.0, 63055318904.492
2025167938477012908, 34, 3.889715654257945e+17, 24127.059, 23844.706, 135235294117.647
5365615341905605891, 73, 3.3605285227470125e+17, 91315.068, 21000.0, 121250906948.822
1111620742588552507, 29, 1.9381826874611568e+17, 51013.828, 27296.103, 103869162604.414
1110232238500965825, 210, 4.252394689652196e+17, 93110.681, 59690.886, 102232530726.743
1715266339644467911, 159, 5.640136234335095e+17, 186324.233, 130224.176, 115485262466.17
6703561030414452411, 290, 2.643192747961395e+17, 238954.638, 111505.303, 64219610712.366
630710438408630004, 421, 3.624330151460082e+17, 139879.409, 95559.869, 84150341275.173
1463835780605444913, 75, 1.1502211129286698e+18, 207725.72, 156292.493, 116700475146.307
76241923413845755, 1632, 1.638419669063913e+17, 203152.844, 140563.993, 94334467208.547
2977500000000000000, 80, 7.2125e+17, 100079.688, 63048.812, 159016002430.913
4037855900703675912, 66, 5.312720538181818e+17, 349494.03, 248751.53, 134569341490.909
1005000000000000000, 2, 5.025e+17, 21000.0, 21000.0, 115128264350.0
3064341264216887204, 802, 1.0507038162737618e+18, 143994.51, 94969.334, 75207703559.527
7225000000000000000, 625, 1.27504e+17, 270421.158, 267206.843, 105327998343.229
1555676873199190077, 14, 1.8848826635034015e+18, 121993.929, 101622.643, 147622458057.929
652687281336087096, 233, 1.5233177480748627e+17, 227347.725, 153801.854, 88246406571.18
7503173941715184622, 535, 1.7952922238301325e+18, 157350.28, 21048.127, 39275748458.108
4866594509437430028, 12, 4.4285255699229626e+17, 132586.667, 42402.083, 52644716223.167
5962045379630275337, 295, 2.098300911357554e+18, 97789.831, 21034.308, 55717061201.414
1255535011983493837, 72, 5.2761422484346995e+19, 211708.333, 30409.847, 75123255302.139
885532503881474850, 406, 1.1210838972694145e+18, 94650.246, 21000.0, 54722232326.722
6740676007750115771, 459, 4.5932827419962665e+18, 162034.858, 21000.0, 53930445666.292
1409751164998037491, 3091, 2.7321387759328046e+18, 99315.27, 21000.0, 13244985593.265
7083468335335202340, 1425, 4.1766936555563305e+18, 122994.386, 21000.0, 20038553283.053
7175464733417499847, 1099, 3.7413020197004314e+18, 76391.265, 21168.679, 30841680455.899
5775980329527927252, 717, 3.6129119419717724e+18, 150260.809, 21000.0, 51525170930.053
8170355786359825722, 49, 1.6320554477081126e+18, 187775.51, 21000.0, 100321618699.122
1104851925174715400, 19, 2.435122800586353e+17, 180060.211, 45650.789, 120188136926.526
2716359960000000000, 50, 3.4654965757604845e+17, 104560.0, 21000.0, 100502678591.58
3027685360000000000, 102, 3.104975980517476e+17, 100745.098, 21000.0, 62927190978.441
5643230859921198066, 10000, 3.3408297263969664e+17, 195886.1, 27212.161, 125475059269.311
0, 1346, 2.70563628096183e+18, 21055.0, 21055.0, 78580866254.137
2537467713694121000, 9298, 6.217831791783179e+16, 21000.0, 21000.0, 99561440916.206
1306091188700720735, 139, 9.361381270568866e+16, 1192192.683, 693969.036, 34251809670.194
5223246977557194436, 10000, 1.2757929789593795e+17, 54798.9, 21000.0, 140194166626.662
92910199120537475, 172, 5.760231851965816e+17, 146478.18, 94143.959, 130722000747.279
9691711176543977460, 81, 4.03871840631003e+17, 162041.407, 104758.531, 107870536308.16
224944335006365077, 239, 9.517805242514702e+16, 183177.494, 132933.126, 141754416400.837
1930483172538439543, 7, 2.757833103626342e+17, 21000.0, 21000.0, 86516921777.0
6945507145518206053, 246, 1.797927501941398e+17, 162196.984, 110902.126, 150216850693.972
1599366993940411431, 11, 1.4539699944912832e+17, 100000.0, 21000.0, 144681818181.818
205670179620741132, 268, 5.0919224028853555e+17, 142112.675, 104588.22, 59799968762.451
46669091163819983, 787, 2.7191087731761024e+17, 152139.574, 73344.551, 92604741839.244
2524696028950642441, 15, 1.0268273333333334e+18, 119924.133, 79326.8, 82995871898.133
4251353255107358058, 32, 5.2123714645473165e+17, 238579.75, 79390.375, 133461016628.531
248336941037750221, 29, 6.351220422315277e+17, 136770.966, 80053.724, 125932924622.897
9544252756939492426, 2479, 2.974776287408083e+18, 61150.383, 21009.944, 14476124282.377
11493297588888647049, 196, 4.4639388817024314e+17, 42537.878, 27484.821, 88774131922.372
8938472826348151915, 1712, 3.2059828439262013e+18, 128929.498, 21021.298, 18858752069.695
1528520485730895273, 1347, 2.1888309797444826e+18, 66599.852, 21000.0, 38315383712.627
1717154038082721615, 229, 4.7623098392909536e+17, 98091.703, 21000.0, 23662510567.354
8658670456861761117, 742, 2.5982757994383084e+18, 49562.264, 21028.113, 46320155055.28
7689404462488370729, 369, 1.3173074948609062e+18, 177504.065, 21000.0, 37032426086.485
7638145061329054435, 1230, 4.3453517807529733e+18, 74048.878, 21008.47, 24881106952.473
7268133990193188258, 328, 2.7113584301150986e+18, 96932.927, 21000.0, 47443399188.811
3896846838554495165, 489, 2.2669215295600044e+18, 96425.358, 21000.0, 62268619200.008
9936435755482574153, 10000, 1.9991682002391194e+17, 121373.599, 21005.382, 159085070000.0
1728893071000000000, 273, 4.754177465312484e+17, 145113.553, 21000.0, 86185755835.619
3210416650000000000, 573, 1.6162190956792438e+18, 89265.969, 21000.0, 50833745331.056
3634636160000000000, 153, 4.211765259340876e+17, 96555.556, 21000.0, 32955788298.34
2947229300000000000, 597, 7.916342311400335e+17, 34201.005, 21000.0, 27292894358.4
1301837930039857724, 50, 9.733577854334802e+17, 348846.08, 211258.68, 54476400029.18
4711984338798461498, 8, 7.772527298498077e+17, 49625.0, 21000.0, 68187500000.0
1005938296814071705, 2314, 1.2707811372791197e+17, 147331.49, 112523.918, 134697297201.608
1043212874624679282, 59, 9.66749316187111e+17, 134850.932, 98021.322, 119911817130.915
7846181381720519827, 601, 4.828279333845705e+17, 174989.775, 122377.15, 261763512291.136
7364689475741491639, 107, 6.773727495131617e+17, 161566.505, 110612.551, 114048487618.907
431050975650094036, 212, 6.227911879609695e+17, 240081.099, 165221.236, 168258152388.745
2828956552668271208, 1056, 3.991596858235854e+17, 159018.233, 109195.956, 111279217814.148
879258621379249393, 287, 1.2726119682926829e+17, 246187.042, 148070.864, 95389432744.774
91649046838625233, 272, 1.6501201934369126e+17, 177377.055, 120204.246, 118354492613.798
73006871922024207, 268, 1.8704280094443e+17, 235226.078, 144144.765, 105905731656.985
1053633777994891118, 191, 3.8278967536567096e+16, 139396.529, 106110.555, 60605664002.764
1155321644813680492, 46, 7.382065491395104e+16, 109413.043, 21000.0, 57173211684.783
5051998375201223093, 75, 2.8013017483907018e+17, 185360.0, 21000.0, 69755875386.16
1956832713764207079, 177, 2.3460784606646445e+17, 53483.616, 21000.0, 24212966126.034
7423338701602818968, 95, 7.684630756428722e+16, 153807.853, 119346.853, 122769195053.8
2541386867980537022, 323, 1.361232520744274e+19, 513853.04, 259346.92, 97025229933.861
1262460187449337839, 4, 7.766988775e+17, 104364.75, 80535.25, 165386567144.5
1016586352000000000, 2, 1.0223e+18, 241915.0, 145181.0, 128035499031.5
2278369064637363243, 62, 3.4002430455638464e+17, 238219.613, 197964.113, 62301781231.081
597976761941497752, 204, 8.300888521568627e+17, 25294.613, 22112.98, 124183108511.809
1369952661487583447, 29, 1.3345192489564736e+17, 159339.172, 66837.207, 125313276707.862
1374747953032679297, 35, 4.4828703676667674e+17, 162461.657, 77602.657, 126065442666.771
6974692567175528415, 82, 5.619534276824428e+17, 173330.634, 89223.683, 149570362026.732
1656414587920137162, 29, 2.977370222908027e+17, 72686.586, 51079.172, 174041694143.483
636690394102674243, 27, 3.133315387435757e+17, 142657.852, 110640.963, 119760460227.481
2119708697819987436, 277, 4.214561522606963e+16, 207668.256, 118357.242, 63579498420.321
2697821235205946757, 1394, 1.2565799980902902e+17, 229122.141, 123392.547, 107271290246.872
1224903224127535071, 11, 1.1135483855704864e+17, 86090.909, 21000.0, 92125381990.273
2341376210515377661, 73, 1.2486588699336134e+17, 59490.411, 21000.0, 58386700376.041
3865618561157247147, 505, 1.4735561962116893e+17, 59994.081, 34168.436, 97380952467.657
874153330330650758, 100, 1.6080861117155504e+17, 139960.92, 84044.72, 115697582442.19
3114684515335709660, 32, 5.5905761772275226e+17, 154715.438, 78752.844, 103546761324.344
735765921867738071, 12, 4.846875916666667e+17, 261819.333, 165518.25, 268973735277.667
7829613046472112193, 308, 1.1891250399362832e+19, 307138.526, 218767.662, 108095947467.052
190185989561469886, 292, 1.1821371330289956e+18, 175436.322, 125937.925, 106020742279.408
2206285280332262929, 157, 8.939965362441545e+17, 79987.261, 21242.841, 51910938822.019
1001489574603760355, 28, 8.586312541141718e+16, 126210.071, 94246.357, 110442269789.464
19852614886270763, 44, 3.919775071214045e+17, 106999.75, 66597.614, 148341255526.977
2981480344454433171, 40, 2.4731153674257363e+17, 96050.0, 21000.0, 132191039592.0
5658300412476483829, 10000, 1.6678522147104954e+17, 163033.306, 37633.428, 106483540331.442
1599614728945284780, 12, 1.3330122741210707e+17, 21000.0, 21000.0, 85020485080.5
4005522010200419576, 88, 2.6701337325354314e+17, 46125.807, 27193.659, 124478174418.216
960760999297378775, 12, 2.655528585892583e+17, 26750.0, 21000.0, 150785870705.5
0, 189, 1.866721541312454e+17, 172720.598, 118160.026, 156298795426.577
2392031070000000000, 86, 2.5317032966453834e+17, 95186.047, 21000.0, 49160682060.279
1662285690000000000, 26, 1.915147689221844e+17, 97969.231, 21000.0, 81262035346.808
5815094147639446192, 18, 3.230607859799692e+17, 116222.222, 21000.0, 126439243426.389
1310124739999962557, 195, 3.055782009863618e+17, 100528.205, 21000.0, 51033622217.574
1401170018552543809, 5, 2.8023400371050877e+17, 66800.0, 21000.0, 106532300246.0
1227178925600391475, 34, 1.804381395764821e+17, 119147.059, 21000.0, 54885150886.029
1598511370377731838, 17, 9.403008061045482e+16, 48776.471, 21000.0, 51952553387.765
1435156501880301054, 38, 1.2505897636527109e+17, 40342.105, 21000.0, 46416479744.342
47849032650282000, 4, 5.001002149138095e+17, 28250.0, 21000.0, 139977188807.75
1356889720914723782, 35, 1.3507180002873099e+17, 82574.543, 21580.257, 49274998370.857
3092759432715726660, 57, 6.846018303010046e+16, 21000.0, 21000.0, 105442543751.316
2375271660442221063, 4224, 1.0583517183119081e+18, 222625.049, 100498.854, 129995118479.758
173184552434000561, 919, 6.436011108730303e+17, 139415.368, 82862.677, 102254790266.072
2687237101415924089, 10000, 6.08274447244e+17, 21005.8, 21000.0, 23192101447.669
1510245060000000000, 6, 2.5170751e+17, 21000.0, 21000.0, 83429888438.667
1141984727800000000, 2, 5.75036515e+17, 70500.0, 31154.5, 183633675681.0
898617362161781302, 94, 4.318196826234055e+16, 23202.128, 21000.0, 172535527021.383
5082003212018403, 470, 4.3588597030706637e+18, 94502.553, 21000.0, 50849312770.521
1867441760000000000, 348, 2.853611211516211e+17, 78408.046, 21000.0, 18512216764.098
1390276710000000000, 9, 5.996833944444444e+17, 105666.667, 21000.0, 154000000000.0
1292929759999956365, 29, 7.501451751718537e+17, 92413.793, 21000.0, 52907368730.483
1464551409999980509, 79, 2.2197870889450938e+17, 141037.975, 21065.937, 51573410989.532
9151844787944543462, 38, 2.0934721245068813e+18, 148992.368, 107965.263, 94536703804.868
8669295507846719604, 2523, 2.0789736326202416e+17, 193968.972, 111327.431, 131372307192.056
619223984967000, 18, 5.354945290001644e+17, 178409.944, 117617.611, 149740914690.389
1694865621422527451, 27, 6.825925925925926e+17, 120583.593, 87673.667, 128559657535.667
1399601418328329152, 25, 5.4798197046947386e+17, 152213.8, 111543.64, 131808211169.92
1500863588443458786, 40, 1.9466428457187088e+17, 172698.775, 114470.55, 83355959816.175
2126180001135005115, 9641, 4.8861013643254605e+17, 152444.68, 93762.328, 57274192133.792
25878538732370819384, 1692, 1.8620205582746706e+18, 209551.651, 142758.35, 109582725888.736
4944602960000000000, 6, 8.241004933333334e+17, 21000.0, 21000.0, 118938156543.333
1639651672659061781, 60, 5.102168084666667e+17, 178557.333, 125584.917, 112500600419.817
1598715424087765008, 49, 2.2348852996472134e+17, 140255.918, 95206.102, 107019621675.102
1301878391299986029, 10, 3.98e+17, 113737.9, 78104.1, 101378399244.2
61409588152101665, 15, 1.8736893217661857e+18, 124179.933, 78777.333, 137151829397.133
607057874579696146, 2120, 3.072330696530462e+18, 105114.683, 21094.766, 111993883071.339
1525406209837752758, 1059, 3.9416790712666656e+17, 139024.636, 26865.888, 96351038358.865
2503712523248819673, 403, 9.326179607226913e+17, 45665.149, 37292.613, 73598970711.782
2656599638470941249, 18, 1.475888688039412e+17, 228388.889, 21000.0, 101324201262.056
5271254255731232345, 175, 3.33515883236657e+17, 164657.143, 21000.0, 49871929818.371
1234525994014779380, 230, 1.702535120661682e+17, 85191.304, 21000.0, 19620871171.174
4717614238320418839, 100, 5.870801762871884e+17, 100230.0, 21000.0, 52178830520.59
1483913459745110081, 72, 6.12148577242025e+17, 124888.889, 21000.0, 27030786493.292
7542093500000000000, 5, 2.51e+18, 21000.0, 21000.0, 170257218225.8
9071630325272443859, 5852, 7.40510511513463e+16, 94134.006, 34442.468, 65149311872.598
1686538729000000000, 10, 3.7791576e+17, 106054.1, 27412.0, 98556000000.0
7707721154402485943, 25, 6.608647918674608e+18, 31927.92, 28275.52, 112411982664.16
87845773232307821, 87, 2.4351048110196445e+17, 153002.207, 115601.483, 128701537839.08
3791864699578317278, 156, 6.585281453677792e+16, 59679.545, 40392.199, 53321699901.449
3048788690000000000, 837, 5.4237778997892966e+17, 83935.484, 21000.0, 15643058067.605
5426849307637152000, 224, 1.185512139597159e+19, 158803.161, 69973.125, 238760377432.746
1461967171369453247, 102, 2.4730837908993654e+17, 91918.735, 23393.431, 73679981513.441
1773097590000000000, 67, 2.9820087684643526e+17, 100134.328, 21000.0, 54848445254.657
3219188598206260462, 102, 1.935635666503694e+17, 152854.049, 22338.598, 49378436393.627
3385625861230422584, 227, 2.6123941491186816e+17, 101112.374, 25959.573, 35269846185.291
2413459617487476155, 26, 1.872030245187491e+17, 90400.0, 21000.0, 117415795493.808
1780692124141598493, 440, 1.0799430266414195e+17, 142818.905, 94786.384, 113422915546.959
2270417424971276161, 47, 2.5214913340425533e+17, 227781.064, 155822.702, 107820775307.383
1791862458778515189, 119, 1.0396661316004323e+17, 59268.908, 21000.0, 16121811333.588
0, 168, 3.9786245743818144e+17, 36964.5, 21341.536, 124528245636.411
4059817282048283399, 1142, 3.911654229722457e+17, 299757.853, 138077.165, 198190063422.81
917332626673692892, 1112, 9.87688417503526e+17, 204209.239, 145425.549, 83159694636.387
6158000000000000000, 4, 1.5395e+18, 90000.0, 21000.0, 163500000000.0
24175725250829677534, 81, 5.77004280597458e+17, 179193.012, 103816.926, 111958653973.407
0, 26, 2.3372906502307917e+18, 197227.538, 94513.577, 172946877572.115
8523721040416769434, 4, 4.9800025e+17, 214214.5, 125730.5, 121854890202.25
3372984550000000000, 7, 4.818549357142857e+17, 21000.0, 21000.0, 54796683502.714
5645837884201464000, 9039, 6.021506803849983e+16, 21000.0, 21000.0, 106386623311.136
166478699460426780, 39, 2.1737958729605898e+17, 311997.231, 161717.974, 115740420826.513
7781801218553030117, 6721, 1.0981152314981686e+18, 22687.938, 22676.762, 73914785037.098
7527753958373774878, 933, 1.1230328673753047e+18, 169998.69, 111216.9, 121061974498.821
5200000000000000000, 3362, 1.0810466312483558e+17, 245590.923, 211403.237, 117959806335.236
3773164843984542805, 55, 4.860825360470719e+17, 185034.218, 114455.818, 113447157578.509
6780932896052081711, 10000, 1.9408519550519107e+17, 132480.4, 34766.102, 100120908055.355
1034997056232222686, 64, 2.4090460575e+17, 158273.734, 92165.828, 71543922910.844
4501213540386859267, 154, 8.993663716249324e+17, 46271.649, 21061.032, 114023121135.149
1997353250000000000, 7, 2.8533617857142858e+17, 21000.0, 21000.0, 143049313616.0
4222014597064550971, 10000, 7.17102775620372e+19, 21000.84, 21000.0, 40093304776.09
1179881078820220865, 10000, 3.358204410176173e+17, 21033.206, 21033.159, 8403044017.262
4532773869034369900, 28, 4.776694377809154e+17, 76484.0, 34413.179, 118475000000.0
1999106809678523108, 23, 2.432496833909937e+18, 28529.348, 26803.261, 77015655622.435
3015535916200000000, 18, 3.3493786105555553e+18, 73352.444, 31379.444, 87976666666.667
1097945930000000000, 1, 1.09794593e+18, 90000.0, 21000.0, 165000000000.0
1624394721422242048, 110, 4.9867659176061544e+16, 55299.573, 43886.491, 107140860948.136
7496496500000000000, 6, 2.7470051666666665e+18, 21000.0, 21000.0, 137456057254.667
2124699336641775125, 380, 4.960834695799925e+17, 162024.034, 114163.361, 74176516553.945
418468337431372641, 206, 4.315122381998679e+16, 168855.112, 102176.442, 102795663741.189
258220624099357238, 111, 1.2484973255104298e+17, 158218.387, 113601.973, 144081335429.82
4027543208581536689, 5, 1.2079763262836925e+18, 21000.0, 21000.0, 95900000000.0
716495621337101026, 10, 1.3465728110695977e+18, 114979.7, 51299.7, 100470250000.0
3013743000000000000, 2, 1.5068715e+18, 55500.0, 21000.0, 93579919184.5
2437637641675108523, 10000, 5.538453888954017e+18, 21272.22, 21000.0, 49228247797.727
2109298855339201017, 10000, 1.2014643172405604e+18, 114177.123, 65671.274, 91628398303.23
3105135729674234349, 7477, 1.2785732158812232e+18, 121305.168, 71375.382, 75980914856.612
1071706043116095554, 149, 1.794555523340533e+18, 214275.55, 145720.718, 119855507265.329
1932578990050017264, 1413, 4.026002462460116e+17, 50261.146, 21004.516, 20363850565.984
2423908197792982113, 78, 6.809332269418071e+16, 52422.103, 24371.987, 55476066487.628
2191310997561341918, 137, 2.919671248912282e+17, 70357.664, 21000.0, 83400508273.737
1123942042569280160, 26, 5.052512202189539e+16, 48884.615, 21000.0, 47591127439.154
1524063341596444259, 30, 2.6243779432081955e+17, 174191.8, 117222.133, 122419846532.833
3079530267734942825, 5, 8.03634444e+17, 235699.4, 162733.0, 145047630196.6
2129285788743999581, 1238, 1.908893104197978e+17, 233174.064, 142125.465, 93656771890.19
621871744703417698, 251, 6.192531545602062e+16, 176506.199, 130166.709, 69795170499.303
281921461953627780, 107, 1.2851125911932272e+17, 51231.449, 36675.121, 114909134560.187
1175741915722451791, 108, 3.001512584237281e+17, 154756.417, 114805.269, 85792424414.398
16878369831315810476, 10000, 4179161868862297.5, 4630196.662, 41230.296, 109057933022.767
8719710780000000000, 51, 1.0037433729411764e+18, 87997.588, 21533.745, 63021236301.745
1663674277037150920, 77, 4.4030487051465576e+16, 94870.13, 21000.0, 22452703296.649
1884718000000000000, 8, 2.3558975e+17, 90000.0, 21000.0, 85375000000.0
7860000000000000000, 2, 3.93e+18, 21000.0, 21000.0, 148500000000.0
1857723758113144145, 23, 2.4262751122231062e+17, 179217.391, 21000.0, 12434782608.696
3330233496768918909, 10000, 2.5069738034593856e+16, 98305.6, 21003.334, 152924700000.0
2243367390000000000, 32, 6.809617934375e+17, 55899.0, 21000.0, 126031250000.0
1824496680000000000, 1, 1.82449668e+18, 21000.0, 21000.0, 108000000000.0
3329015636503027875, 76, 6.659559978597797e+17, 120943.842, 56129.579, 60021318531.395
2068583274647920550, 9, 2.654111111111111e+17, 391232.889, 266573.333, 128269759716.556
1451075913305287301, 15, 4.4478759713232845e+17, 88942.933, 71251.6, 110537388926.2
1840543369853262265, 945, 6.80793652410177e+17, 110742.469, 72135.382, 114069113276.867
2200247977619471252, 539, 2.3582343031044285e+17, 524563.987, 407277.679, 39805339825.616
4125454625601155929, 10000, 5.888961150786185e+16, 21205.012, 21000.272, 180409173068.975
6248442094407411436, 3855, 1.39517132830887e+18, 115059.277, 72510.719, 90448695167.234
5702845162572177498, 757, 2.1705425104341165e+17, 218769.214, 128729.717, 123573670345.664
5358274902550773917, 446, 9.950787363946697e+17, 167436.339, 112584.561, 98269311551.428
976107276498328056, 1001, 3.498819834026917e+17, 401079.091, 221579.47, 191885532165.644
1531641661793877535, 561, 1.5596550593808525e+17, 328185.809, 150847.125, 97150496796.032
2539049549198606025, 8, 3.38125e+17, 21000.0, 21000.0, 121413625435.5
5338999731350991030, 238, 4.219080368212272e+17, 89393.849, 44471.458, 86363958564.193
157639550995941360, 34, 1.599900952783099e+18, 243765.853, 133257.324, 165147983088.912
10049927399186660867, 269, 3.297407134122213e+17, 24209.067, 23553.23, 113955121590.903
74992486426127703549, 101, 1.4479114986958559e+18, 41677.604, 33738.089, 85806735861.495
1985892512532581452, 25, 2.5437011051531126e+17, 82280.0, 21000.0, 137951871903.6
6042283596795631379, 362, 1.3127988820405526e+17, 216487.997, 116953.903, 127309971160.326
1920000000000000000, 257, 8054474708171206.0, 445011.875, 300738.619, 97370838056.992
14807098328142995571, 80, 1.3325836476962127e+18, 177913.4, 96141.712, 153521724031.188
143456360119612925, 89, 3.708608838946347e+17, 164201.303, 117155.607, 138082957705.169
308681006280588230, 416, 2.1776437506924214e+17, 199717.601, 137202.142, 118573537282.709
2399299079073832213, 2135, 7.67725943034651e+17, 334454.595, 125127.009, 65676692542.249
2663827097062049328, 4048, 4.2063845231073656e+16, 21000.0, 21000.0, 89264870910.076
8091610031104521324, 368, 8.065619727255974e+16, 182810.179, 114636.163, 96750215644.34
377250975550760376, 298, 2.7586727899444355e+17, 203969.007, 127414.258, 74076695482.211
1184404282687368856, 84, 2.4035772470066893e+17, 143663.071, 84958.083, 115493120145.155
199113613934550904, 932, 1.3817940475221507e+18, 186936.564, 139902.288, 73558530297.414
3207702644078248274, 799, 2.8663184365176883e+17, 67823.605, 21018.223, 17875471899.855
3711176760000000000, 31, 1.2041473419354838e+17, 195119.742, 21000.0, 113516129032.258
3020947474364821528, 7, 4.315639249092602e+17, 21000.0, 21000.0, 156788710002.143
1837692610720233908, 1201, 2.6566658482526554e+17, 457301.014, 132405.654, 127642845398.822
7646025243346919699, 470, 3.9682978723404256e+17, 445559.019, 133039.174, 157275413494.5
9706456174025523673, 937, 2.2558884711846317e+17, 449005.861, 135123.742, 133767032749.497
19891700493264004944, 768, 2.86548803515625e+17, 444985.219, 140045.221, 144848731134.901
210044480300274046, 181, 6.575581523956536e+16, 120616.033, 83571.674, 117888005690.801
1026932760259726369, 38, 1.0753651039257389e+17, 134311.974, 82317.079, 77099373353.053
1107893566469372769, 1131, 4.92201431028293e+17, 206135.991, 134106.156, 163480375201.433
1033005710447312856, 81, 6.242908630081376e+16, 84343.58, 59978.815, 158842065469.481
823158045655208587, 587, 7.093795483176078e+17, 237657.796, 153070.988, 74876422612.792
7278260218869681642, 204, 3.007812549723855e+18, 292756.186, 189428.5, 102353469637.0
3736243235800000000, 42, 1.2223781314285714e+17, 99914.643, 26708.595, 51468897396.929
8856543701122843455, 10000, 2.276609013235637e+18, 71759.316, 62503.79, 3997240917.759
1270925546049812192, 23, 2.888586412302076e+17, 70557.957, 25956.696, 102041980937.174
3646605228134049567, 256, 3.708633184712854e+18, 105507.117, 68739.75, 54833599082.066
1365840191855328000, 9717, 5.734363182863023e+16, 21000.0, 21000.0, 105663644767.222
2022045615718386103, 165, 4.1200764667124243e+17, 160047.406, 98918.164, 103157104236.461
14208483452287539895, 419, 5.77142913841419e+18, 208938.95, 144116.511, 125942819496.272
1538073238370965918, 94, 1.6888306751923027e+17, 110427.213, 82883.606, 41116715108.128
3164454992793637153, 48, 7.860552068320077e+16, 34458.333, 21000.0, 56487761780.812
1679222082000000000, 48, 7.088306339972884e+16, 62291.667, 21000.0, 14755999550.583
1155136162730008183, 10, 3.341448866269992e+17, 111037.6, 82814.7, 158563935431.6
405947974254104862, 2547, 1.8397724819619942e+17, 197939.473, 123282.49, 118555731854.859
3035313501121500599, 10000, 3236046097831221.0, 111287.391, 27599.75, 49812560558.418
3488570504684808797, 5399, 1.0765068256297152e+18, 462575.301, 276590.266, 76048717159.12
1248544667496127709, 378, 7.076969815700571e+16, 61211.336, 29273.206, 97662454752.532
2986618630896952000, 10, 1.100619e+18, 21000.0, 21000.0, 118584430637.6
3606137220551182420, 39, 4.0223493841909216e+17, 26619.59, 21625.872, 117665733514.282
56122734696000, 3, 1.3304013863524823e+18, 21000.0, 21000.0, 184131026426.0
8340849701155996990, 581, 1.1761084568641384e+17, 203795.299, 143328.353, 49600243141.645
1691597820418458836, 924, 1.6492840468225645e+17, 208656.402, 127924.932, 93276222207.221
1923466656363178730, 1354, 8.396855946838685e+17, 21199.29, 21192.277, 126229166444.326
1088759773833632000, 877, 2.3671469942987456e+16, 22080.958, 21000.0, 102562978018.481
7528768650829340974, 1090, 2.232555067485797e+19, 23110.009, 21042.611, 68256041957.399
0, 15, 1.3481737331247432e+18, 276466.667, 21000.0, 115427532226.0
2728100395024838708, 7, 1.4578574285714286e+18, 52432.0, 46358.857, 145896745008.714
1633302624000000000, 35, 6.5082303542857144e+16, 45971.429, 21000.0, 21982555098.629
7449463634024245360, 515, 9.81251161437364e+16, 48697.087, 21024.359, 16437149079.346
153799854735323289, 1839, 4.048152467985306e+17, 209973.556, 135643.509, 96891732922.799
25423913055554433280, 238, 1.1890116621024369e+19, 52702.139, 26412.513, 104127759477.29
4650751214582319638, 1276, 1.3035985698142157e+18, 150210.169, 105052.558, 76334692256.095
556132680194459669, 319, 8.723148309769347e+16, 161984.621, 125711.668, 73747281220.784
1426599983766000000, 5, 2.865971237532e+17, 45104.2, 26260.2, 177791500200.6
2706289587933082008, 8, 8.061139181473532e+17, 21000.0, 21000.0, 123899148127.125
30831707157332424, 114, 2.0550189495548912e+17, 57871.439, 46564.342, 143634680076.781
2922128155352257649, 11, 3.023636363636364e+18, 175315.182, 135034.636, 97936015967.818
11036248034174062843, 202, 5.612098507271051e+17, 116323.124, 74445.96, 104116503865.584
1143840176007656475, 473, 1.0725647664286925e+17, 163767.199, 123422.795, 64048692699.29
1950911650040846743, 45, 8.917148033424104e+16, 119153.222, 21579.889, 54136431368.422
1127252687769774006, 204, 2.030742485743675e+17, 160907.52, 112161.716, 144934470544.059
2000519028341107091, 11, 5.472676644707187e+17, 117524.545, 35529.727, 125818181818.182
14882803900000000, 38, 9.968546259516515e+16, 123102.316, 96201.395, 118410500721.447
19922685155695984891, 10000, 1.1349988758890774e+17, 40947.2, 37334.547, 54141162970.944
1412675978861009091, 15, 3.078263193333333e+19, 123116.267, 81372.133, 155598111317.267
2117751248354637367, 123, 1.4129197629166909e+17, 66975.61, 21000.0, 20060120846.439
2288803954277173000, 9943, 5.284169767675752e+16, 21000.0, 21000.0, 107451250412.157
4602229425772860000, 7221, 5.970087245533859e+16, 21000.0, 21000.0, 94898722417.06
1268000000000000000, 2, 6.34e+17, 21000.0, 21000.0, 73442970899.0
1753251011545285186, 47, 2.1616066140638298e+17, 178276.17, 102955.447, 60280351202.191
7696880301823716620, 336, 2.6704587589828486e+17, 97883.929, 21000.238, 60566729721.107
651363924386593102, 61, 4.393166318544982e+17, 26393.443, 21000.0, 118506435692.377
317522274698555571, 55, 2.1170261011962592e+17, 202868.8, 144865.745, 91944205299.218
766803373041792510, 54, 4.8394827409084794e+17, 162598.796, 130826.204, 113144769032.815
2680004910888617969, 22, 8.290051636363637e+16, 153735.864, 49879.545, 113634596568.909
1938853296094426345, 4525, 5.930216514901673e+18, 202658.944, 108293.0, 49043426914.521
5006067756840467132, 17, 3.9573019761111045e+18, 21000.0, 21000.0, 185644072033.882
2603365497516000000, 292, 1.0989732204062114e+17, 1826100.024, 1627718.25, 62962735302.753
37960513640736676, 10, 2.0006749566538803e+17, 106290.8, 76081.3, 136192813686.5
751181730990749361, 517, 1.443660001860626e+17, 155294.826, 113078.333, 114612349597.894
2140824931660574722, 33, 3.7282692277759315e+17, 35290.909, 21000.0, 118359029584.606
8249853242511546767, 3426, 4.732849053998148e+18, 210692.701, 130634.919, 100959186955.712
1069036995506398634, 94, 1.4914003415474822e+17, 75401.947, 55995.191, 138113966443.819
8902773810777208293, 10000, 3.944452340389296e+17, 41001.24, 32894.645, 102882800057.448
1990867853647292255, 156, 9.270766185379745e+17, 29898.538, 23911.551, 120493154178.032
994254013506281984, 115, 2.1924524854126288e+17, 180058.2, 126735.626, 94536675673.861
1764125369000000000, 10, 1.78238267e+17, 102349.8, 38169.1, 89590729122.9
744139411561643169, 18, 1.1183258176452529e+18, 167775.944, 124122.222, 161669777149.722
91214316095373116, 145, 3.8789178818095226e+17, 157772.476, 111185.724, 105641613925.317
1277825515164568822, 100, 1.158299079585184e+17, 105377.99, 30631.11, 57539730282.74
6029652153608106276, 72, 1.8510248232845187e+17, 57500.889, 21485.403, 136297880716.653
1676541993477400373, 383, 1.3626387798169376e+17, 219119.243, 121444.822, 92123336728.859
1830459000000000000, 4, 8.3325e+17, 21000.0, 21000.0, 124344542257.0
5182841951346140992, 72, 7.413736401803598e+16, 75152.778, 21000.0, 17767103189.486
1804694843485443229, 327, 4.0857949439427923e+17, 162065.223, 106148.046, 136673824959.627
6039095190000000000, 4, 3.2116112975e+18, 55500.0, 21000.0, 112750000000.0
521019474041292643, 809, 8.485089965857955e+16, 279355.775, 134049.754, 118296849623.91
1524965255148433257, 38, 2.664076765450123e+17, 142566.132, 102322.579, 166347464757.0
9583000132313012282, 81, 1.1830864360880262e+17, 250000.0, 21000.0, 76519079631.568
1194691302120743469, 214, 1.547482447481404e+18, 113927.673, 21000.477, 39026524759.276
2107912533403719947, 285, 2.4925019428330314e+17, 192640.147, 111162.316, 179485581052.077
30058628000000000000, 2152, 1.3499347713754647e+18, 82399.783, 27896.366, 118595221855.415
1085490070000000000, 7, 8.991271528571429e+17, 41714.286, 21000.0, 171857142857.143
1329380329151220577, 301, 1.079395627675853e+17, 200196.661, 132452.973, 104373912813.953
62370596820367921, 78, 3.771683653459041e+17, 152932.423, 101744.692, 104438263440.436
20014210126889324, 489, 1.971933166349395e+17, 347036.374, 278435.618, 57379747178.552
332738552800235569, 670, 3.815180240443934e+17, 199836.116, 131486.527, 82490682413.894
2491022554802095725, 364, 1.53096930098476e+17, 118775.703, 81265.857, 128516112897.621
9867923920853087740, 10000, 1.0063779392791354e+16, 413378.448, 117642.048, 51909571429.322
495735194474201781, 3444, 3.8370703645659735e+18, 333404.843, 205559.743, 86413779965.207
2717293523080556866, 240, 7.99624293129233e+16, 177044.013, 119633.221, 71323387575.363
1691743346420303081, 26, 1.1414646990009157e+17, 171653.846, 21000.0, 42378186953.654
5011158911349018270, 77, 6.507998586167556e+16, 72792.208, 21000.0, 7391290241.273
101630822578607582, 208, 1.532259751861546e+17, 160089.159, 109847.933, 89366928894.207
3701096439747749065, 224, 1.8845496516453632e+18, 163111.045, 92459.379, 89711351920.92
4005016829602373839, 228, 3.0260362233074835e+17, 190109.469, 129508.303, 74674313207.193
2155677067267210391, 133, 7.258245727192646e+16, 194050.684, 148009.684, 105587194677.331
867184837885118000, 11, 3.595038054545455e+17, 33545.455, 21000.0, 158967227129.455
219928224255779900, 164, 3.729392976656517e+17, 169591.232, 122899.646, 74669521741.457
2748581091299069532, 129, 4.9572093023255814e+17, 122932.318, 89700.295, 92163017600.806
1086189809322766073, 56, 6.066396943870234e+17, 215775.696, 109201.732, 135309524902.054
3809611646292540146, 61, 3.9780152887249984e+17, 113229.082, 68961.836, 73617264610.689
131985486721761013, 36, 1.9234564202794944e+17, 129138.889, 21000.0, 135643307507.417
1841017243000000000, 5603, 2.494099078169195e+18, 44806.699, 26230.476, 154673389255.756
6246955401476060451, 239, 1.0153374619258362e+17, 54508.418, 21000.0, 35282106453.615
302926761189458872, 146, 1.8363171732422666e+17, 98623.288, 21000.0, 26078633205.219
8484841960000000000, 663, 4.160871797887157e+17, 54274.208, 21000.0, 27594408237.335
3247545710000000000, 802, 1.9691174865168835e+18, 40887.259, 21176.071, 33690905808.069
225336563173000641, 108, 9.820771387009324e+17, 96222.241, 35159.963, 61630886362.241
1983217807998949628, 10000, 2.0442604678e+16, 29949.632, 21958.46, 80124154314.46
396834287765513563, 93, 7.964568362043781e+17, 180057.043, 104468.269, 138950830969.677
789634246163404190, 72, 1.1927791276755239e+19, 138199.236, 98745.028, 124654754727.639
2829553383390999106, 84, 3.501693411374134e+17, 174412.298, 116463.762, 111278284367.512
1498571948728955287, 126, 1.4329602049900085e+17, 125523.119, 82484.325, 95289229431.429
2862943046477671243, 387, 1.9899838717447954e+18, 143627.434, 103603.261, 112373331239.393
3077635853314170000, 5, 1.4190223953751155e+18, 62400.0, 21000.0, 143819712478.6
1295995999921632752, 44, 1.8610090159728607e+18, 209996.955, 162073.841, 88246857401.841
2731859305372617000, 9444, 6.212304108428632e+16, 21000.0, 21000.0, 104433749760.892
1406733841156083000, 10000, 6.22945e+16, 21000.0, 21000.0, 102058384934.869
418004386176301445, 726, 1.3371788111505902e+17, 153164.857, 109041.348, 96854684394.669
5332060494506656550, 220, 1.1622156139721876e+18, 217860.95, 112508.532, 115429976182.291
1258715536255890532, 80, 2.5588157289334477e+17, 155224.95, 98576.738, 63957693796.325
2395206158757312000, 30, 3.159431759585771e+17, 110566.667, 21000.0, 160817052431.233
3745296050000000000, 53, 3.72467864287439e+17, 109603.774, 21000.0, 125041045883.34
4718542080000000000, 161, 1.859168262689226e+18, 79554.037, 21000.0, 67023899971.727
1303976890000000000, 9, 8.066124822222222e+17, 135666.667, 23245.444, 106222222222.222
1825315770000000000, 82, 2.377857909368804e+17, 99195.122, 21000.0, 40013914503.183
3471163147770536128, 92, 7.614908068152174e+18, 144829.902, 94346.011, 89415610030.717
1993851228783234000, 10, 1.993851228783234e+17, 120000.0, 21000.0, 124181795842.3
3472963785383273841, 24, 1.4575230676596973e+17, 126291.667, 22304.75, 149287558318.042
1497363388167367570, 119, 3.2043124754925184e+17, 95260.504, 21174.992, 15637505042.017
5600256147492608000, 40, 5.70807481e+17, 179225.0, 21000.0, 89991312508.8
5609910781663271015, 10000, 6179167991198029.0, 59402.814, 21061.006, 42197198185.0
3352444738089265472, 21, 3.7619262400902426e+17, 28523.81, 21000.0, 41072853398.429
6176822618206311811, 2571, 2.6729299046903126e+17, 90085.57, 31984.788, 80587524732.198
2442756379187778568, 451, 3.0030022778115994e+17, 71824.834, 21027.645, 8619952000.663
2276256912039404753, 192, 8.309399896866321e+17, 79744.792, 21000.0, 60361698651.953
2905808118000000000, 83, 7.148322519638084e+16, 46942.904, 21000.614, 19933197824.361
3268075416747321693, 285, 1.4394406028027706e+17, 170730.225, 110336.604, 126295480175.575
499994179588253403, 286, 1.5339387166395216e+17, 126939.871, 80128.811, 89343044414.881
3442306064743899103, 385, 1.2797863249023898e+17, 180547.548, 122056.34, 92569943504.483
494405177123899510, 74, 5.6036455286769254e+17, 168691.243, 113008.459, 104977085433.959
1796626656522452961, 91, 5.082549222007934e+17, 141941.78, 106219.846, 121011909432.374
2008275282657097865, 647, 4.792264178207189e+16, 145602.461, 111755.308, 56292794608.269
1312958706363086424, 566, 9.153023877109588e+17, 184603.834, 113217.737, 107466984248.392
4536000000000000, 32, 1.17421132e+18, 95750.0, 21000.0, 168156250000.0
0, 402, 3.522849105104051e+18, 70644.318, 21000.0, 54274480207.159
3010682828713440000, 5, 7.96414912977312e+17, 40800.0, 35331.4, 120203228120.2
3604054539978722000, 9777, 5.990937915516007e+16, 21000.0, 21000.0, 101274759668.023
4901210145779723000, 10000, 5.46779e+16, 21000.0, 21000.0, 87482973979.704
2969501143059083000, 9651, 6.08562843228681e+16, 21000.0, 21000.0, 97859564814.643
1859705952269386881, 60, 3.461982326241842e+16, 147190.417, 119909.567, 88000199198.467
1251077370345481430, 33, 4.495659090909091e+17, 115679.606, 88870.939, 97212025095.333
1523102824806814333, 925, 1.31385448234709e+17, 215809.035, 149203.867, 155116219362.612
1457080399757665447, 89, 2.117712468355501e+18, 214649.303, 140868.079, 99566248975.753
1533275460396814110, 489, 5.5908176406632666e+17, 221091.579, 170653.129, 71469230092.64
880775819264647024, 96, 1.8854394004720342e+17, 204513.0, 143835.438, 152233404818.062
2945919873943643486, 56, 8.784833560714286e+17, 250373.554, 170604.357, 112268524625.679
1077989978364894218, 63, 1.70918128621949e+18, 283155.873, 164556.905, 82180171117.143
3070669124566317781, 5372, 3.491169495448654e+17, 31491.267, 31063.953, 93891894303.644
10088516990000000000, 143, 1.4418786364334948e+18, 105832.168, 21000.0, 70327519074.923
389097970000000000, 25, 3.974271564561928e+17, 112520.0, 21000.0, 148185483038.44
2865377531795186000, 45, 1.5279413763777777e+18, 99644.444, 21000.0, 106673299189.689
2403896360000000000, 27, 3.8041861925925926e+17, 117296.296, 21000.0, 150296296296.296
6924487084419285847, 490, 1.0676630139922826e+18, 71001.931, 22066.91, 64072954616.908
4001531330000000000, 78, 5.509029858337767e+17, 105512.821, 21000.0, 72312675481.603
1262473216800965830, 2481, 1.591149092939237e+16, 85095.578, 37391.081, 103810854191.276
2490745860000000000, 20, 3.99263398e+17, 112850.0, 21000.0, 152600000000.0
1801421344658167664, 272, 3.3534773739987085e+17, 75893.382, 21000.0, 35408088332.596
7340965663756549985, 71, 1.1188327475315306e+17, 88740.845, 21000.0, 37278769082.352
1416133218103435902, 51, 1.0702040312558947e+17, 145202.49, 102609.353, 116393005744.529
97038047602189413, 227, 2.1697963972333987e+17, 174982.106, 133678.78, 116700436143.784
923973787260244868, 1625, 3.7153932737972544e+17, 222503.323, 133347.482, 187660389285.586
800580498811820301, 167, 3.27271879901394e+17, 197190.952, 119590.192, 102629591340.766
4449968464893507420, 469, 1.2165532951800105e+18, 145744.768, 97763.173, 146903421148.994
3426179300000000000, 20, 3.329088086080277e+17, 119800.0, 21000.0, 141060971046.3
2453028400650573075, 523, 5.142639743412161e+17, 39684.895, 21000.0, 31901140741.639
2913690530000000000, 79, 4.1713668558605555e+17, 101278.481, 21000.0, 83470771435.57
4803536480000000000, 74, 1.216485560960042e+18, 107717.946, 21000.0, 109712918690.932
1125692755000000000, 4, 2.8639705e+17, 78907.5, 44407.5, 171750000000.0
2703574149656466359, 8, 3.5251879875e+17, 165757.0, 24863.375, 160695852549.5
2057751386032505838, 9, 2.2863904289250064e+17, 134444.444, 21000.0, 175574732199.333
1652226897117946000, 26, 3.7541064835069024e+17, 108538.462, 21000.0, 144950361893.077
3392629549848367471, 331, 2.8010697453126394e+17, 87072.508, 21000.0, 33793147242.671
2944524915680533740, 218, 2.4404568437834045e+17, 57121.101, 21000.0, 30268234149.995
304785730000000000, 24, 4.708070745833333e+17, 107666.667, 21000.0, 151250000000.0
3482234166480302451, 311, 4.22215736136503e+17, 98594.852, 27026.347, 34624190967.412
3549940850000000000, 333, 4.553443502788429e+17, 101243.243, 21000.0, 26754064251.52
5814862760000000000, 303, 6.738924253844483e+17, 204811.881, 21000.0, 28829311062.99
1439437941889994621, 94, 1.8801027991748026e+17, 56438.298, 21000.0, 35170393582.096
1494242170000000000, 3, 4.980807233333333e+17, 21000.0, 21000.0, 215914977614.667
3596519215631041093, 681, 3.7317569326989274e+17, 161873.349, 88434.906, 92323414369.742
1855914538000000000, 42, 6.49644534047619e+16, 41523.81, 21597.381, 39893425882.119
5014336472946777620, 10000, 8.15954070892e+17, 228324.7, 68854.41, 65689563622.777
8398719344681830254, 212, 1.3420845945722267e+17, 159787.038, 127366.778, 59722237406.986
2597547515592408351, 1622, 2.0095842193917584e+17, 185352.591, 130279.937, 117234164328.491
3315079590711544188, 457, 1.88160340484472e+18, 120317.033, 92223.676, 122799662609.862
2500484536888835977, 13, 3.7899725384615383e+18, 139509.0, 111017.538, 73058805655.692
2752519670000000000, 11, 2.502290609090909e+17, 125000.0, 21000.0, 152727272727.273
2199015130000000000, 609, 4.456534858529675e+17, 313329.064, 21000.0, 11242266595.35
2312123099999978000, 72, 3.1959686488147354e+17, 82227.778, 21000.0, 93085346057.153
2457995080000009154, 339, 6.01213015254662e+17, 50354.572, 21000.0, 15228707286.909
2676392050000000000, 152, 6.968820880743575e+17, 159505.447, 21227.888, 133216542162.993
100000392662, 412, 7.584835895782042e+18, 132701.456, 21000.0, 62824522153.706
2939791733234767640, 2830, 1.185465332110073e+18, 226107.784, 157819.636, 108588387772.134
278046357563114678, 72, 2.5484228405386266e+17, 169213.917, 122542.903, 134365949791.361
1543814937439256021, 17, 1.888235294117647e+17, 73068.235, 43865.824, 128874251776.353
175859350000000000, 432, 6.861629811354108e+17, 25483.796, 21000.0, 128907864575.69
4075899611678011, 25, 4.4873369017116634e+17, 150640.0, 21000.0, 103093384018.76
1482658546580405685, 16, 9.266615916127536e+16, 57800.0, 21000.0, 98106836788.438
1017385550000000000, 154, 2.3723004841342806e+17, 48681.818, 21000.0, 21327941830.078
2389491417329735731, 39, 1.2778535736742912e+17, 21000.0, 21000.0, 106019947754.128
5596203217000000000, 135, 4.349038721390137e+17, 73952.593, 21000.0, 52789499967.711
3838436060000000000, 101, 5.126383234929185e+17, 43455.446, 21000.0, 85323835219.495
2457088099999958810, 286, 3.070080577787844e+17, 111465.035, 21000.0, 35734323614.297
1307294250000000000, 4, 3.331913125e+17, 21000.0, 21000.0, 171982252461.0
2965981178944321306, 8018, 2.8253725814511034e+17, 467008.304, 23916.764, 67871496144.205
2011473490884244000, 9571, 5.6393271340507784e+16, 21000.0, 21000.0, 91298835330.9
6679938875686219203, 105, 1.3301316885621573e+17, 37791.695, 21401.99, 137861889766.486
2699320433214422974, 1319, 1.1633356125557374e+17, 192915.139, 130062.124, 96579870280.115
1499109286248504927, 1360, 5.066835993148762e+17, 159117.89, 112847.459, 99439703074.794
1350922855256582571, 192, 3.741717415234216e+17, 169928.458, 111814.635, 122997011156.312
1064880501409912516, 119, 7.508086865367515e+16, 160801.143, 121377.563, 53323642413.697
1316066882833712676, 244, 8.356388900671691e+16, 243223.455, 140920.689, 128847912839.262
2652716553620706753, 324, 5.469975290491025e+17, 183271.179, 143744.586, 56115166261.457
6641208425824949000, 1072, 2.270130413597948e+19, 21195.692, 21014.77, 69429276136.455
2544796500000000000, 307, 8.326907416613421e+17, 86286.645, 21000.0, 38019276761.394
1079071618910651666, 2619, 3.9895047269398816e+17, 153174.361, 103296.764, 62105719147.677
3924312715309941473, 601, 2.5391056190283498e+17, 178904.626, 109719.013, 63747333375.822
2115820701496950000, 50, 1.3511492211699546e+17, 156797.3, 23743.46, 109001123546.3
1253319711465425430, 14, 3.413099436885831e+17, 89357.143, 21000.0, 84645148026.786
7575887666970890824, 69, 1.0979547343436074e+17, 88414.493, 21000.0, 35849716210.275
1742436139236285239, 67, 3.13452896505121e+18, 145870.672, 101074.791, 93618093887.507
4532031069963520988, 905, 1.3870642779678894e+17, 162460.144, 113805.506, 60129297402.66
917447226642294299, 230, 5.929166661666808e+18, 343059.27, 222770.939, 98588418660.457
5710404304768510597, 47, 1.6798549258094413e+17, 43191.489, 21000.17, 17974375587.809
1971869258179127965, 820, 6.274076040079949e+17, 270578.027, 184678.445, 71704194213.509
776547880437000, 78, 5.272578777107491e+17, 21000.0, 21000.0, 95076383662.59
1066248673937095375, 118, 2.572887052151348e+17, 138188.746, 95204.839, 98326680982.254
7556989696911070164, 141, 1.6181062315623672e+18, 207800.447, 157453.603, 127012890492.163
2955713840640603, 255, 7.06857992070834e+17, 58526.682, 21294.396, 137058306339.89
3203651327241091674, 179, 2.0437767571802422e+17, 66927.374, 21000.0, 36002367754.508
2578077666000000000, 389, 9.614837167549297e+17, 90377.892, 21040.172, 27954635312.247
2457024500000000000, 382, 7.864783329417274e+17, 83018.325, 21000.0, 25512193946.937
1953183620000000000, 63, 3.1230521347532666e+17, 103317.46, 21000.0, 83744314575.635
396113949268581000, 541, 3.36970683293412e+17, 102634.484, 21000.0, 55161390170.262
1791677788065425100, 145, 4.676003402026307e+17, 188303.448, 21000.0, 47356873797.6
2053855098300438914, 1977, 2.2993563723466964e+18, 154846.029, 21016.941, 30675347950.699
1063954553222852240, 67, 4.735835700533996e+17, 32905.776, 28094.761, 98028077862.104
6264738874977188215, 140, 2.997308497857143e+17, 36871.629, 33494.921, 146476296430.414
3782627394083507911, 41, 6.602429941674514e+17, 184334.073, 147984.268, 152557923023.488
654969314891850803, 24, 7.821009008333334e+17, 147350.292, 64596.625, 137488736751.708
3669751004325110906, 92, 6.207376510121355e+16, 191429.565, 126147.261, 87737709212.87
4596711349283172168, 2534, 8.401656493382994e+16, 155194.875, 117405.809, 77463933100.019
2035669049718334009, 108, 8.509563441292495e+17, 171421.602, 109237.028, 135058794590.917
74730082200798596, 424, 1.648939808515186e+17, 227123.113, 152529.925, 115801366077.75
2634691610906435347, 368, 1.2372865865452938e+17, 149808.378, 106262.342, 76813626726.495
2574435735267525170, 9, 2.2222222222222224e+16, 162859.222, 114773.444, 149850101459.667
6386830439654836503, 189, 1.5023573083445988e+18, 158699.529, 107585.349, 143018638180.138
2567967170000000000, 136, 3.182093609977563e+17, 180904.412, 21000.0, 50365305090.309
11159767207849540305, 86, 1.2976473497499466e+17, 101200.0, 21000.0, 112409987002.593
1287985792469555258, 7, 1.852730183527936e+17, 27501.286, 23903.0, 163830273687.143
1505518661042268745, 77, 2.8399505675324675e+17, 150559.532, 117267.325, 116408267188.312
2361726840871181100, 830, 4.4118015626004115e+17, 127438.299, 94737.623, 115094165270.007
1504343957142340477, 170, 2.7765312527730787e+17, 93670.588, 21000.0, 45926042852.988
3687064550000000000, 189, 3.770151099023414e+17, 98312.169, 21000.0, 39832151475.291
2550048887566188654, 190, 1.0540150010504275e+18, 160069.779, 38324.032, 63688784303.605
1880583048486196357, 265, 4.5336551270578714e+17, 55404.528, 21000.0, 43439835412.955
94212628400607515, 52, 2.7474442138258998e+17, 136963.404, 87962.558, 96861772806.788
1844936370086633968, 43, 9.685151604852637e+16, 74293.674, 21000.0, 100585058027.674
1050688766535299965, 19, 1.445588457894737e+17, 142854.211, 67543.053, 125890398973.368
2885828833555180368, 455, 9.659350204610036e+17, 96852.747, 21002.398, 21050519861.136
1147761208197970058, 140, 1.1468261632375738e+17, 88978.571, 21000.0, 54794853085.129
1323301260000000000, 1715, 1.9843870962108214e+17, 64719.65, 21000.0, 20744330802.878
3454689316544859065, 40, 9.784190791438746e+16, 89200.0, 21000.0, 96341575426.425
3168900770000000000, 293, 2.0274490988589146e+17, 52179.522, 21000.0, 38196006940.945
918153522376175404, 28, 2.754579073270078e+17, 118185.321, 84376.25, 127698674017.714
1052467271755086095, 33, 9.093139690163462e+16, 115850.545, 40583.576, 73064484148.152
2896696890000000000, 172, 1.845919032964762e+17, 43391.86, 21000.0, 47102372191.593
331874956397551621, 63, 2.0383569965677235e+17, 88571.429, 21000.0, 95757438822.286
1199917770000000000, 14, 8.570841214285714e+16, 31500.0, 21000.0, 112519891372.714
10598358471793659067, 2437, 1.891443488027515e+17, 312600.909, 214757.668, 99773344770.806
7134119053800000000, 9, 1.5260982966666668e+18, 237770.111, 155645.333, 158954793688.222
3985338800000000000, 192, 3.433201881669033e+17, 98338.542, 21000.0, 37637477640.651
2577763070000000000, 28, 6.873125720770868e+17, 101821.429, 21000.0, 122553176766.286
3420713715205339372, 45, 1.5095587429251814e+17, 81951.111, 21000.0, 93959965715.022
3319349221457603000, 245, 2.960985883435202e+17, 85951.837, 21000.0, 37574822088.155
1168529173722270662, 12, 4.042594197185775e+17, 165324.0, 108356.917, 157654753649.083
1350448911904100211, 36, 2.992499999972222e+17, 253410.833, 182402.0, 89583033317.972
6013766530834781946, 231, 1.429721186790496e+17, 104436.104, 77803.355, 92889456610.688
611652473713249517, 170, 4.7333196523529414e+17, 144056.335, 82243.353, 98751528174.965
3977356660771753159, 27, 2.7788654682839437e+17, 83148.148, 22406.741, 55460196979.852
4343222938506808740, 10000, 5.419817925727324e+17, 22869.466, 22790.697, 25694280000.0
3404408589846285296, 350, 6.441578473811626e+17, 57515.429, 21000.0, 30089516314.337
2275251690000000000, 1019, 9.748994206139928e+17, 69898.51, 21164.046, 14748370157.909
2639607850000000000, 192, 4.587332347708591e+17, 97927.083, 21000.0, 39377880091.896
281519750000000000, 12, 4.433186358333333e+17, 116333.333, 21000.0, 169083333333.333
1643957840000000000, 137, 2.7894354102189782e+17, 58071.533, 21000.0, 37696261298.781
4203147130000000000, 411, 5.725211740307112e+17, 96340.633, 21000.0, 25058434786.589
116028813287814114, 145, 1.3149942374351579e+17, 204164.331, 147091.034, 66688343043.869
1004712577828330691, 8, 1.2558907222854134e+17, 100000.0, 21000.0, 134625000000.0
2224245150555601987, 36, 8.686923907819326e+16, 90588.889, 21000.0, 36593506885.806
357102601504517982, 69, 2.7179303881287245e+17, 156157.261, 117050.449, 134069232600.507
56473963833548408, 130, 1.3249538461538463e+18, 157543.208, 92792.954, 136737522744.046
595725060000000000, 399, 6.489499091610468e+17, 57543.376, 20997.01, 41533356163.757
1621849814310541066, 21, 7.72309435385972e+16, 68380.952, 21000.0, 105046246001.0
1423480700000000000, 16, 8.896754375e+16, 21000.0, 21000.0, 105625000000.0
3239899015578466642, 338, 5.0189093530571424e+17, 158017.047, 110572.278, 135686930403.657
3901801567000000000, 6, 6.507701753333334e+17, 67000.0, 28569.667, 58103128252.667
736905359355220000, 735, 2.6511740135225648e+17, 27486.815, 24798.25, 58782867017.731
4192038908155599787, 184, 5.702996257765848e+17, 180615.31, 109327.457, 74207607922.397
2041464898884283486, 202, 2.204938967568603e+17, 87527.262, 68196.52, 117086594204.723
1226891167956903313, 35, 5.31183593726599e+16, 44342.857, 21987.314, 34925951366.057
1103472567000000000, 24, 5.484961384583333e+17, 49864.833, 21000.0, 80751343914.5
5792391896734330209, 36, 2.784029063032885e+17, 26170.222, 21000.0, 108657090389.444
11058236411405671983, 885, 6.985160214529381e+17, 181346.585, 130373.61, 68362977425.693
8063574527520130931, 940, 5.253203358973467e+17, 195571.163, 144770.069, 61661738741.321
1253643599042948327, 89, 9.379546998294326e+16, 201081.079, 116419.124, 126451489769.966
45128492458590156288, 10000, 7154008127000000.0, 25268.077, 21000.0, 54625131713.477
53638913744551813, 109, 3.014457511352711e+17, 103192.661, 21000.0, 65151894534.376
2444892970000000000, 486, 5.1788088929724704e+17, 63084.774, 21000.0, 20258323116.35
3339331440000000000, 137, 1.1774809761707958e+18, 91978.102, 21010.934, 52250292860.431
3169377720000000000, 323, 5.342186171274233e+17, 95637.771, 21000.0, 28737015060.991
3020943025476866792, 85, 3.197711979733824e+17, 62249.412, 21000.0, 85528776157.0
1903050516348920928, 35, 1.950864907528263e+17, 84245.714, 21000.0, 110388799606.714
5375183413856393000, 157, 6.742394964285743e+17, 69808.917, 21000.0, 60184557221.713
9682143182895056762, 57, 1.9827499107638656e+17, 22695.14, 22606.193, 140428613029.632
265104110114055529, 116, 1.5786411889223018e+17, 129101.19, 91609.483, 124356837209.603
2560400924601542809, 110, 3.148122830731108e+17, 172266.055, 112106.618, 110802424549.064
2808957032002752405, 10000, 3.6815115263983913e+18, 41958.448, 21403.956, 95647518019.76
56787000000000000, 15, 8.563913305566291e+17, 26600.0, 21000.0, 168105019445.933
2615150066518728770, 1048, 3.0713448365025555e+17, 163292.475, 112505.047, 113920819911.154
0, 3835, 7.753215013034402e+16, 314552.789, 245645.929, 66240058415.444
1753006469671983344, 32, 5.478145217724948e+16, 40156.25, 21000.0, 48067744133.312
94128895036081056, 340, 3.921317006617692e+17, 47697.059, 21000.0, 52457030727.338
6937656064297339000, 1429, 4.8307662679986e+18, 25291.74, 21000.0, 86078968508.728
3824420478224043040, 283, 6.448208470203962e+17, 43279.152, 21000.0, 56602128600.59
1027927326378704513, 14, 1.898629246854497e+17, 221559.786, 172212.286, 130534721920.714
2179799640000000000, 70, 2.352156895607199e+17, 60502.857, 21000.0, 91703931646.743
564037356726142871, 889, 5.87170600229568e+17, 139791.901, 21000.0, 27271172227.583
426739834486277094, 569, 5.661335676625659e+17, 189623.562, 143071.675, 156325923911.309
3450492607142417589, 10000, 1.6020952755812253e+17, 60848.9, 21364.907, 84920788622.859
3785275428805965000, 10000, 1.628009484e+16, 21000.0, 21000.0, 21106070663.341
3641188600000000000, 21, 3.270507548246571e+17, 122428.571, 21000.0, 133575097875.381
4197959180000000000, 41, 3.638632448634946e+17, 108853.659, 21000.0, 114563798647.78
5330656110788372000, 21, 2.5431814809523808e+17, 120047.619, 21000.0, 118990927917.524
3924013920000000000, 14, 2.8028670857142858e+17, 125000.0, 21000.0, 154285714285.714
3029849660000000000, 95, 2.7483614746561005e+17, 60263.158, 21000.0, 46301406437.895
8807726529292774025, 42, 2.04050041712642e+18, 100680.952, 21000.0, 123217834972.762
2990614830000000000, 87, 1.2296629694827587e+18, 45442.667, 21192.414, 108704317077.851
238038177183845, 50, 1.4577175901e+17, 162934.86, 121012.34, 113023232171.18
5819000000000000000, 217, 2.8511520737327188e+16, 338573.816, 215487.525, 141732981350.175
2956126374961585200, 52, 4.7349605901149754e+17, 183632.673, 117799.385, 128070842087.346
5069232870020299942, 10000, 2.55138978996234e+17, 182442.974, 180286.62, 113936163204.977
5315110056522133144, 2777, 1.1228747595927707e+17, 172280.111, 149521.933, 247697458965.762
1905079119397290071, 56, 1.7647046787276928e+17, 93882.143, 21000.0, 54086098234.089
8059510336632247739, 59, 1.1406079107631871e+18, 213761.881, 127428.475, 119281362575.729
3082210249125857515, 4179, 2.3009219816691235e+17, 242781.5, 181380.666, 74363003342.629
4165019196973873583, 136, 2.7692201558678662e+17, 140409.316, 104280.632, 67677920616.662
793084064146201559, 113, 2.537233472232933e+17, 128468.062, 79823.425, 133613008650.372
160845870201153409, 611, 1.558100883986822e+17, 227457.021, 143924.368, 112080875056.728
1052780000000000000, 4, 2.63195e+17, 21000.0, 21000.0, 108413824064.75
1625559002762739577, 395, 2.3245664277810608e+17, 128481.286, 93998.372, 106060343440.929
5036353248652607205, 149, 9.75870910751645e+17, 165596.45, 116170.201, 70455809106.463
478951624865200000, 135, 5.161508677892084e+17, 322592.593, 21000.0, 90644110783.622
3163091470000000000, 491, 6.923727378331183e+17, 81843.992, 21000.0, 25874261887.87
4017888704922913979, 23, 2.1268033565100835e+17, 103826.087, 21000.0, 112613118131.261
4269963210000000000, 196, 2.5539404117315674e+17, 53892.857, 21000.0, 29647600556.235
3533567900000000000, 395, 3.3243045591658144e+17, 80581.266, 21000.0, 21678120685.901
2842758440000000000, 320, 7.46757647490999e+17, 91963.125, 21000.0, 32827847070.653
4752338990000000000, 2, 2.376169495e+18, 90000.0, 21000.0, 155051519858.0
1259168737574607700, 25, 1.1439750264629843e+18, 26091.52, 24303.0, 144200000000.0
1024381596000000000, 23, 1.3720451043478261e+17, 66582.217, 49366.957, 115037804191.435
1106344283837759705, 21, 4.311016018804175e+17, 97795.857, 72284.429, 177206783694.048
5240491000000000000, 6, 2.3695391666666665e+18, 21000.0, 21000.0, 117656948767.333
1602700742247177651, 85, 4.4695202902387744e+17, 58256.8, 31525.024, 112500684935.471
2048073073154604599, 345, 5.861231296041887e+17, 183908.029, 132792.255, 103433350240.606
990616057733562406, 33, 4.729748503042562e+16, 137155.636, 77347.788, 63958597162.424
6013190331160114938, 19, 6.642563770084271e+17, 86845.789, 60278.421, 182284875914.947
42983803343281943, 139, 1.694684892086331e+17, 199053.59, 132816.432, 177752131860.835
1907233292624911560, 1581, 2.1015064523063587e+17, 216216.035, 138650.135, 68519229658.579
4186019150000000000, 276, 7.742798848828463e+17, 97221.014, 21000.0, 46455001161.46
2509272140000000000, 136, 3.79621071382153e+17, 94783.824, 21000.0, 72194395335.176
5184958846709992904, 216, 5.874910542727784e+17, 63930.37, 44607.764, 133275254079.866
1213825944243796836, 647, 3.751292809637198e+17, 175142.781, 122364.818, 57407310564.257
2530384046626180506, 782, 2.4272510789547574e+17, 254688.895, 140806.258, 163322603863.737
14211651504841592469, 1658, 1.51591957355528e+17, 244211.768, 153667.625, 105834614179.707
0, 3, 9.606051666666666e+17, 21000.0, 21000.0, 146189498546.0
7190000000000000000, 3, 2.3966666666666665e+18, 27000.0, 21000.0, 68022831879.333
5321614638443155921, 398, 1.749354782660668e+17, 226383.01, 131222.176, 123313859056.513
555297092141785529, 169, 2.9422808357864166e+17, 115532.124, 80921.0, 149795866330.852
1002580258038582651, 1656, 9.140413611355473e+17, 303077.089, 212415.823, 94098694318.981
1005000000000000000, 1, 1.005e+18, 207128.0, 21000.0, 201000000000.0
3103547640000000000, 20, 4.34148879e+17, 119800.0, 21000.0, 173800000000.0
5799631680000000000, 712, 3.317447841241076e+17, 132564.506, 21000.0, 19707361542.514
5878601020000000000, 157, 1.0292977253625449e+18, 96624.204, 21000.0, 66912207113.287
3066543806105336139, 6623, 3.504606694473507e+19, 265000.593, 152278.202, 125137983799.106
8447923721358605504, 342, 7.475347100584773e+17, 94732.509, 21792.392, 49797849032.848
3155319900000000000, 438, 2.5516649157640684e+18, 99664.995, 22443.674, 61147624840.224
121848560359230216, 577, 1.5510309754841203e+17, 176542.468, 106330.813, 152411991398.428
4253438578481500080, 217, 7.65012330412999e+17, 56822.12, 21000.0, 36040231498.659
52100083132383163535, 1765, 3.6479235106532884e+18, 267948.446, 191959.592, 102071159738.572
1160947976800000000, 4, 2.908382025e+17, 58045.5, 35269.75, 91067593651.25
7867377674326443, 199, 5.988309435181155e+17, 202141.04, 99270.814, 114344307436.925
2890483303105189504, 184, 3.431973817674186e+17, 328131.016, 155200.658, 178347702493.772
4423587543119893766, 101, 3.6528039935089005e+17, 103495.05, 21000.0, 87363637612.96
4028894260000000000, 760, 2.3479562499035795e+19, 51212.368, 21060.936, 62373685234.822
2497274170821136535, 353, 3.795414335349404e+17, 48850.003, 21000.144, 11892681270.994
2092503704039707000, 104, 2.3434922495159357e+17, 83288.462, 21000.0, 37630732921.394
1235203543822273870, 11, 6.132042808343387e+17, 80001.909, 43661.545, 105406367744.0
4607507410000000000, 139, 4.623649699484276e+17, 105182.734, 21000.0, 49498707490.928
3527297620000000000, 238, 4.1141766537508154e+17, 98294.118, 21000.0, 31222947805.5
2541214050000000000, 86, 6.344392086808349e+18, 78256.837, 21210.186, 104632248176.07
2407602070000000000, 343, 5.840143744047081e+17, 96685.131, 21000.0, 37558547198.335
1374437385000000000, 76, 5.6505404605263155e+17, 162144.737, 21769.237, 103039473704.75
5843067230000000000, 39, 2.811614593712702e+18, 131948.718, 21000.0, 140466186267.231
5202789690000000000, 747, 1.5243057026022454e+18, 82149.933, 21000.0, 28283983929.738
4129654030000000000, 117, 2.8103352720137555e+17, 61984.615, 21000.0, 59509105934.692
2020320396102068128, 98, 4.380620622448979e+16, 225809.327, 145998.337, 167957152773.337
39358357500000000, 110, 2.923557973285334e+17, 170471.491, 89722.664, 143749090909.091
2580441212261738408, 187, 6.126118720265508e+17, 66700.535, 21000.0, 56873927759.182
37078330790057514963, 940, 1.1887309744280165e+17, 564327.288, 135307.103, 197183273164.406
8958193694134960809, 178, 1.85267251196388e+17, 558882.101, 131878.916, 192276235862.826
1220078514300705007, 595, 3.225266924369748e+17, 446197.203, 132723.709, 150689745499.45
5509979110115810153, 942, 2.6575642945240883e+17, 468988.171, 134282.024, 133248186517.696
5625000000000000000, 164, 3.954268292682927e+16, 300023.335, 208319.524, 138973379850.829
11464677736866500886, 600, 5.080478917109929e+17, 168664.82, 111077.248, 104971460773.337
3497434780093284229, 336, 1.1718541043292304e+17, 72122.024, 21000.0, 27258525214.655
0, 1209, 1.339630522714882e+18, 51246.071, 21002.289, 10399788437.194
3114034145459607998, 489, 8.991825490132424e+17, 108106.339, 21000.0, 29511263155.781
2444058910000000000, 134, 8.694719752985075e+17, 124425.373, 21000.0, 102201492537.313
7133142909707208942, 637, 3.917417777993884e+18, 135542.567, 62992.835, 42910150320.625
1398090189371771668, 37, 2.9056407434640704e+17, 163276.054, 122660.784, 122911121199.892
109672499090639432, 148, 3.8474906335748845e+17, 156081.48, 101602.453, 100917869689.682
1039731300100000000, 2, 5.24710605e+17, 49430.0, 34053.5, 168607542165.0
195565681356238995, 71, 1.866185139316812e+17, 217254.535, 177806.944, 84902475885.085
34581826840909782137, 352, 2.5256527293361705e+18, 141826.295, 105471.818, 135365289891.418
1083601559298800848, 277, 6.581305217848192e+16, 147479.863, 114159.534, 119361379137.913
4482771165368942874, 3, 5e+16, 103284.667, 80356.0, 125102831715.667
592225934861505681, 3404, 7.961700439370159e+17, 191475.667, 108215.076, 136027325603.4
1604200000000000000, 6, 6.750285843819208e+17, 21000.0, 21000.0, 88319254576.167
19308046271153868634, 1553, 1.2706465943999659e+17, 250624.659, 162953.863, 122665488896.214
6292695992000000000, 509, 2.0859497481612163e+18, 116257.479, 21617.597, 65970700637.352
4010235526000000000, 191, 5.04238311070131e+17, 98638.743, 21000.0, 57119675006.079
4572152030000000000, 237, 2.3631486768464507e+18, 93649.789, 21000.0, 57223363268.789
2645238090000000000, 577, 3.6980867310390624e+17, 102230.156, 21000.0, 21579587453.704
1827923298181774233, 282, 1.3866481709155382e+18, 79854.61, 21000.0, 73830620246.06
1379785520000327402, 33, 3.656122031392423e+17, 21000.0, 21000.0, 120295010614.424
0, 34, 5.1865111609184506e+17, 231215.765, 197879.118, 186529411764.706
2571795122199329450, 136, 2.0597560687008317e+17, 175416.39, 116064.551, 65086297199.051
792562466412836618, 257, 4.017115202455023e+17, 200942.658, 141565.914, 101473118192.638
1145526618095565612, 414, 2.676682084807971e+18, 155436.831, 107203.101, 84707667536.072
2031237626481722692, 2, 1.0156188132408613e+18, 21000.0, 21000.0, 204840862897.5
1673722942710982850, 116, 1.444612841261407e+17, 23439.371, 21459.414, 36337602858.241
6076049363347384340, 104, 1.11395599647571e+17, 21000.0, 21000.0, 33600248492.471
3467046851907120226, 44, 1.4212696117970728e+17, 122469.591, 49485.864, 97978616445.864
2466864967851000000, 9, 2.749045308167778e+17, 64324.333, 28558.444, 86240686196.111
1769605284000000000, 33, 5.362440254545454e+16, 34393.939, 21000.0, 46038621683.788
2088081448973114350, 172, 8.226311969504765e+16, 46729.593, 21183.081, 13661538114.203
1280162213105528913, 29, 4.573139038237081e+16, 41218.586, 26421.759, 52031223723.483
1555188643614762662, 15, 1.0367924290765085e+17, 73666.667, 21000.0, 59518028757.133
1265192450062370699, 43, 1.458662801406996e+17, 46548.07, 29186.233, 142043716814.465
551418628423570196, 359, 3.558800246781743e+17, 149237.056, 106141.267, 114153267279.526
5207000340000000150, 87, 3.236452702523939e+17, 122011.494, 21000.0, 76053398623.402
386888450198878551, 402, 7.232563537866537e+18, 202023.112, 89251.119, 124466887007.483
435902456362844368, 110, 1.479065693033033e+17, 34797.791, 24345.491, 76605019270.155
4398851769880970532, 699, 1.62740641863089e+17, 222144.81, 145686.983, 147203724064.947
3364625215150178564, 151, 1.3841307786449502e+17, 115703.795, 56432.788, 59253690368.391
3316390320000000000, 84, 5.1694618483768723e+17, 58957.143, 21000.0, 75957298741.762
6116967895000000000, 592, 5.188587998173859e+18, 82733.108, 21000.0, 42040263093.485
2457013060000000000, 561, 8.525167412165394e+17, 94638.146, 21000.0, 28460207310.884
8505893544629559000, 49, 1.5484927572142858e+18, 105285.714, 21000.0, 123027933615.061
2203800802723156400, 2, 1.9675085086384218e+18, 114064.0, 21000.0, 141000000000.0
6611210189004577432, 10000, 5.480305424203157e+17, 26551.524, 26405.917, 40029241792.01
4003704412966998099, 10000, 1.0302564775573116e+18, 117712.395, 68866.51, 113109627602.753
1006698900000000000, 11, 5.300127172727272e+18, 21000.0, 21000.0, 86909090909.091
3622584178605750044, 33, 3.2483483765972064e+17, 185669.727, 140978.03, 153778861722.03
9188734491420247147, 3633, 8.179324803739419e+17, 544050.207, 356447.32, 140228972746.241
241467026195299848, 203, 3.854523430847013e+17, 159246.714, 102195.113, 144342897897.163
1094360699295546030, 2147, 2.3465632496122275e+17, 160666.699, 107519.783, 121698030630.559
4206390374280430961, 37, 5.113870235923102e+17, 91337.514, 63962.108, 92312519219.351
2958596720000000000, 48, 4.132027084854661e+17, 109562.5, 21000.0, 114789407705.583
4761446480000000000, 193, 4.7035861467720365e+17, 62541.969, 21000.0, 49696417189.083
100371976010724322, 40, 3.1509e+17, 48982.775, 37907.675, 88234179533.075
1532790694249801273, 868, 3.644387540096867e+17, 162157.194, 121879.093, 86479462607.553
2066371148619871888, 13, 8.839337037399901e+17, 38615.385, 21000.0, 96653327183.154
1649945197000000000, 33, 5.615439990909091e+16, 44242.424, 21000.0, 27941746779.485
1038651157202043947, 203, 3.1225964992441414e+17, 56453.202, 21000.0, 7597887577.537
4015960346000000000, 10000, 2.85577481449e+17, 201363.918, 21106.627, 178004600000.0
728449794822436807, 721, 4.6511610350012717e+17, 252902.798, 172033.832, 207966244259.653
1391530532669030867, 112, 2.847272459672495e+17, 197467.741, 119546.196, 120420823728.973
0, 227, 1.2889867841409691e+17, 215627.454, 143138.797, 102677623721.388
3223069366990501963, 349, 8.578531352293978e+17, 228361.499, 150925.232, 144463691280.132
0, 113, 3.517889814381493e+17, 57193.602, 23711.876, 35017007023.619
1157544839428830000, 10000, 1.333597477191e+19, 77059.434, 29988.748, 152816900000.0
7004074000000000000, 10, 7.20725e+17, 34200.0, 21000.0, 110168008594.2
2153136167230854645, 88, 3.636751026897232e+17, 126935.761, 95317.568, 59753803134.875
1152571382731247071, 312, 3.3479160101956646e+17, 126487.516, 71689.933, 130660568248.654
0, 6, 5.870792314404321e+17, 21000.0, 21000.0, 153481926014.333
3605564743165388588, 6221, 1.5634444614174492e+16, 172423.604, 134533.944, 241162692345.518
2287657352884830587, 36, 1.7321159424680086e+17, 95611.111, 21000.0, 67280770714.167
3407046132432838470, 6, 8.174503679278602e+17, 21000.0, 21000.0, 80666666666.667
755670007531431396, 34, 9.360093823529412e+17, 107404.088, 80597.794, 114385243287.618
1451203050219915639, 27, 2.0507098629541766e+17, 151923.481, 109453.481, 98929853655.519
1535712380838069522, 428, 3.973579905594485e+17, 214422.921, 148653.364, 116488429666.572
500753000034584686, 1119, 6.926763026622685e+17, 166908.891, 80319.463, 67194357101.916
706898011672760008, 2498, 2.256060953360771e+17, 161884.512, 80214.975, 44584399676.524
586740296649787458, 281, 9.086804548652578e+16, 203876.32, 134226.893, 163623381967.274
3021468582385002344, 150, 1.3302236135444317e+17, 164273.067, 107724.433, 153263492250.88
1322624935465534477, 23, 5.7634584150675416e+16, 22292.565, 21378.478, 78165746937.696
10316225042461573663, 771, 7.369851799133069e+17, 212784.925, 143864.0, 271415745116.809
5726115311501261525, 91, 1.0230908189095433e+18, 21923.077, 21000.0, 115152755387.22
0, 39, 8.556008007651176e+17, 87229.769, 69929.974, 131953986273.615
1251019071036627778, 19, 9.216918081246007e+17, 239580.0, 166993.421, 142576878803.263
1167880280000000000, 1, 1.16788028e+18, 21000.0, 21000.0, 151085918448.0
1438314778794567395, 30, 1.2926406293919494e+17, 181964.9, 132185.133, 101182511814.567
2454415455639244745, 37, 7.702443963283787e+16, 150675.514, 111644.73, 86085963033.162
1845669121489398224, 25, 2.6904e+17, 178954.08, 112884.04, 142838178198.4
1000897844719691899, 308, 2.3469043570365757e+17, 196013.295, 134971.802, 79913754169.604
1796120786338582962, 4, 5.384958058730907e+17, 153769.0, 127933.25, 96992548706.25
2001276110000000000, 3, 6.685669133333334e+17, 127376.0, 35069.667, 135333333333.333
1629534729883292000, 167, 2.3533387199694656e+17, 88646.707, 21000.0, 25326197752.707
3938309730292093000, 59, 6.501409168340324e+17, 54574.051, 33821.153, 125941667862.831
1208569997261075929, 61, 1.85692783561657e+17, 88081.967, 21000.0, 19144123511.033
12430985507669554662, 610, 2.3327987150651158e+17, 177376.585, 124719.566, 97443201121.103
5411371705018412666, 121, 5.5252612349459085e+17, 59599.298, 43244.752, 112974818914.207
3180398006551015848, 53, 1.7631938608702317e+17, 64245.283, 21000.0, 106212432827.736
207717337213564000, 66, 3.11397564226654e+18, 44780.485, 21000.0, 149715476278.667
1021527320380511989, 61, 4.111253414876636e+17, 55231.541, 45477.869, 93278036358.279
208573926459209408, 15, 3.3818890656271936e+17, 168923.6, 70559.067, 152185700317.067
3270744118277746284, 551, 8.354717108302848e+16, 162779.575, 105198.312, 87161686039.114
660222539613000, 184, 4.135812102320484e+17, 155320.457, 104376.56, 121601489461.832
1203803996437303097, 19, 8.603195126152333e+16, 90436.632, 33847.526, 115024566064.474
4057358949243677000, 10000, 5895800000000000.0, 21058.5, 21010.66, 29998000000.0
87103888809000, 183, 2.499921869390733e+18, 109203.148, 58048.984, 256711472270.503
1978701643497626387, 94, 1.886228379787234e+17, 138369.766, 89297.33, 94328896439.755
1910881081146312419, 6, 3.184801801910521e+17, 84000.0, 21000.0, 147310799649.5
3088326720595498305, 1220, 1.306936559372521e+18, 348215.856, 247732.324, 111150294948.671
8013064955302477772, 254, 2.3252362666001664e+17, 181511.24, 120896.24, 108544266625.776
1608854181956544457, 24, 3.6600568237136506e+17, 160403.708, 94279.542, 145734835242.583
1206164421085404607, 7, 2.765330462373522e+17, 21600.0, 21000.0, 132965886325.857
1445701412999931987, 99, 2.6176596675928317e+17, 183928.394, 112566.667, 122448051372.424
116096660673343155, 173, 3.715523674002327e+17, 151034.832, 110146.671, 119103670327.503
2534376000000000000, 40, 6.33594e+16, 21000.0, 21000.0, 148600000000.0
5603150408756735951, 2043, 2.0479170655005226e+17, 386518.882, 33676.673, 106353377389.26
1349620098938773000, 526, 2.6502724388514033e+18, 33630.038, 21029.755, 59541131712.47
2267295790523310358, 86, 7.518048750635373e+16, 120089.558, 94565.581, 100283392638.0
937690538033160447, 76, 3.6385894466898157e+17, 136332.171, 90695.079, 86684697484.382
2532428811144922155, 462, 1.4371107195999242e+18, 142134.92, 99960.327, 70741979777.455
383064500961759892, 648, 1.7406295590518307e+17, 233536.492, 150583.505, 110753123146.437
8419995699423558033, 11, 7.654541544930508e+17, 105603.636, 21000.0, 123782949958.182
1438673960232907427, 98, 1.8469460347176435e+17, 55179.592, 21000.0, 27138015914.939
3600672346962375499, 229, 1.2090503248279145e+18, 159536.969, 122745.948, 77728351179.943
533479628635209367, 328, 3.938908098213566e+17, 152149.457, 111913.186, 94023867240.095
4522954523966739277, 87, 2.6863704054766192e+17, 200538.989, 118800.241, 104645805678.448
1254353533063674654, 119, 1.0120969805926149e+17, 196010.126, 141031.613, 74084029585.706
5000444148000000000, 8, 4.42480816e+18, 56873.25, 22449.5, 101917421250.0
1145327537886076191, 19, 1.1578397887184427e+17, 126549.895, 105170.789, 106499741387.789
1019066473379878205, 43, 2.7132144904170765e+17, 215960.93, 139684.558, 138835442785.047
25799526488141568, 47, 5.328771495649483e+17, 152396.617, 88788.383, 131560478983.234
927915342326367317, 192, 1.5895115176312246e+17, 148264.448, 114057.182, 96319289112.786
2160126090161173140, 7, 5.728757142857143e+17, 70485.429, 58153.429, 151589736874.429
247550318020271054, 3304, 1.1795357105468242e+18, 156427.129, 105679.544, 112851053700.635
6739949800000000000, 7, 9.628499714285714e+17, 21000.0, 21000.0, 103102970967.143
1055596257910288411, 11, 2.5019819474473034e+17, 79646.273, 62871.818, 101342956605.455
2424445548472618934, 130, 1.3752812767692308e+18, 195954.062, 130605.431, 100593214306.185
5144615497998269659, 11, 1.198242818181818e+18, 169321.0, 120979.182, 156346921359.091
1000000000000000000, 2, 5e+17, 21000.0, 21000.0, 148897063224.5
3718939338636340178, 912, 3.307426396926651e+17, 180818.862, 120243.186, 112874392511.447
344650275719153352, 580, 4.087233427506441e+17, 34396.962, 28180.56, 129089202607.752
664234733352823329, 61, 2.6271786511094003e+17, 116882.279, 85163.967, 148172587790.098
51434233000000000, 9, 3.934692236666667e+17, 39761.111, 25784.222, 85455555555.556
3293496832041551984, 203, 2.6488324713536787e+17, 192424.552, 139689.852, 89704808012.374
1595350232905985692, 27, 2.3593373230858045e+17, 129646.963, 82553.741, 228524184909.63
463452377822220676, 61, 1.9707684348068992e+17, 65809.246, 37027.967, 116553466780.016
6710360856653061441, 615, 1.3942377422481193e+18, 234421.665, 168186.727, 108432569923.124
1542480548877289774, 42, 1.34002632132108e+17, 162138.214, 106834.048, 115451437131.262
1204056831291969000, 112, 1.514508547436783e+17, 48825.0, 21000.0, 24683090901.929
1206090816199258944, 274, 4.3682106084815814e+17, 107020.989, 32949.993, 82783820067.96
5486650938341755632, 125, 4.386386420874205e+16, 50993.832, 21384.8, 90815924104.52
2242243740000000000, 5, 4.48448748e+17, 21000.0, 21000.0, 146059636754.2
1600000000783498000, 86, 1.9335449825581395e+17, 26055.209, 21293.93, 37288988624.221
8550000000000000000, 280, 3.1071428571428572e+16, 277611.807, 213611.186, 142547979415.489
3128013914161617597, 56, 1.2680983091781078e+17, 44839.286, 21000.0, 30108712244.804
1247770359840464000, 148, 7.927975107432432e+16, 44371.622, 21000.0, 19345146236.264
2529485992000000000, 706, 9.534090059089022e+16, 50215.297, 21000.453, 5152537460.21
